Elect.Particip,Old.Pop.,Mid.aged.Pop.,Young.Pop.,Children.Pop.,Highschool.degree,No.school.degree,Registrd.Web.Doms,Business.Regstr.,Income,GDP.growth.2009,GDP.growth.2008,Workforce,X.cars,Agricult..workf.,Prod..workf.,Manufac..Workf.,Constr..workf.,Service.workf.,Trade.workf.,Finance.workf.,Pub..serv..workf.,Bankruptcies,Unemploy.,Unempl..Youth,ranking,Type_Urban,State_Bavaria,State_Berlin,State_Brandenburg,State_Bremen,State_Hamburg,State_Hesse,State_Lower Saxony,State_Mecklenburg-Vorpommern,State_NRW,State_Rhineland-Palatinate,State_Saarland,State_Saxony,State_Saxony-Anhalt,State_Schleswig-Holstein,State_Thuringia,Region_North,Region_South,Region_West
67.4,24.3,29.1,11.7,15.4,41.8,7.2,140.3,104.6,15450.0,-1.2,1.8,907.4,430.3,0.3,14.0,10.8,2.4,85.7,31.1,16.9,37.7,203.6,13.0,12.2,b>a>d>c>e,1,0,0,0,0,0,0,0,0,0,0,0,0,0,1,0,1,0,0
71.7,25.5,30.9,10.8,14.5,36.1,7.1,172.9,103.6,15983.0,0.6,5.1,939.9,399.8,0.3,12.5,9.3,2.6,87.1,24.0,19.9,43.3,150.2,10.9,8.5,b>a>d>c>e,1,0,0,0,0,0,0,0,0,0,0,0,0,0,1,0,1,0,0
68.3,25.9,26.6,8.8,15.7,27.7,7.7,136.1,94.1,17588.0,-2.0,1.7,876.9,406.3,0.6,18.2,13.6,4.1,81.2,27.2,19.5,34.5,116.2,12.3,12.9,b>a>c>d>e,1,0,0,0,0,0,0,0,0,0,0,0,0,0,1,0,1,0,0
65.4,26.2,25.2,8.9,17.8,35.8,5.8,96.1,108.7,16815.0,1.1,-0.2,925.8,468.6,1.2,16.9,11.3,5.1,81.9,33.2,18.6,30.1,131.5,11.3,12.8,b>a>c>d>e,1,0,0,0,0,0,0,0,0,0,0,0,0,0,1,0,1,0,0
71.1,27.4,23.6,7.7,18.3,20.9,7.2,105.1,108.6,17800.0,-2.1,1.8,660.3,512.8,6.6,22.3,14.6,7.0,71.1,28.2,9.6,33.2,86.7,9.7,11.8,a>b>c>d>e,0,0,0,0,0,0,0,0,0,0,0,0,0,0,1,0,1,0,0
75.6,27.6,25.2,7.2,18.4,20.0,7.6,143.2,94.4,19604.0,-0.6,-3.7,542.5,523.8,4.5,21.0,14.7,5.8,74.5,27.4,12.6,34.5,70.3,6.7,8.0,a>b>c>d>e,0,0,0,0,0,0,0,0,0,0,0,0,0,0,1,0,1,0,0
72.3,26.8,25.1,7.8,18.2,18.2,6.4,165.6,129.5,17675.0,0.1,3.3,783.8,530.4,5.4,14.2,5.8,6.7,80.4,34.1,10.2,36.1,76.7,8.0,7.0,a>b>c>d>e,0,0,0,0,0,0,0,0,0,0,0,0,0,0,1,0,1,0,0
73.0,28.7,23.4,6.8,15.7,20.3,7.2,131.7,101.3,18516.0,-1.5,1.1,670.8,522.7,3.6,16.6,10.1,5.2,79.8,31.2,11.6,37.0,140.5,8.0,8.6,a>b>c>d>e,0,0,0,0,0,0,0,0,0,0,0,0,0,0,1,0,1,0,0
75.6,27.8,26.0,7.2,17.6,33.3,5.8,190.5,105.6,20360.0,-0.5,-1.8,614.7,504.3,3.9,24.0,16.9,5.9,72.1,31.2,14.2,26.6,104.8,6.2,7.2,a>b>c>d>e,0,0,0,0,0,0,0,0,0,0,0,0,0,0,1,0,1,0,0
77.7,27.9,25.7,6.6,17.0,20.0,7.3,126.2,86.8,18213.0,-0.5,0.0,500.4,508.1,5.1,17.2,9.3,7.7,77.7,26.4,12.9,38.5,50.0,6.8,7.0,a>b>c>d>e,0,0,0,0,0,0,0,0,0,0,0,0,0,0,1,0,1,0,0
76.0,28.0,24.7,7.3,18.7,22.1,8.9,136.1,95.6,18849.0,-0.1,6.4,630.5,540.3,4.9,17.6,10.3,6.7,77.5,25.4,14.0,38.1,144.6,6.1,6.6,a>b>c>d>e,0,0,0,0,0,0,0,0,0,0,0,0,0,0,1,0,1,0,0
74.8,27.5,24.6,7.5,18.9,15.8,8.7,132.5,111.1,17923.0,1.6,4.1,611.1,537.8,6.2,16.9,9.5,7.0,76.9,29.4,11.0,36.5,171.2,9.0,10.0,a>b>c>d>e,0,0,0,0,0,0,0,0,0,0,0,0,0,0,1,0,1,0,0
74.3,27.9,26.4,7.4,18.2,26.1,5.4,160.9,115.7,19463.0,-1.9,7.4,677.3,550.5,3.0,24.1,17.7,5.9,72.8,29.6,15.2,28.1,82.3,5.5,6.0,a>b>c>d>e,0,0,0,0,0,0,0,0,0,0,0,0,0,0,1,0,1,0,0
72.8,27.8,25.0,7.8,18.2,22.6,7.1,113.8,103.3,17986.0,-0.1,7.0,619.8,516.9,5.0,23.4,15.8,6.3,71.6,23.4,15.4,32.7,136.4,6.1,7.2,a>b>c>d>e,0,0,0,0,0,0,0,0,0,0,0,0,0,0,1,0,1,0,0
77.5,28.3,25.2,6.6,18.1,35.9,5.2,180.8,112.8,22312.0,-2.3,6.4,694.9,563.4,2.4,26.0,19.8,6.0,71.6,30.3,16.2,25.1,73.2,4.6,5.6,a>b>c>d>e,0,0,0,0,0,0,0,0,0,0,0,0,0,0,1,0,1,0,0
71.3,25.0,32.5,8.3,15.3,44.6,7.9,271.6,115.4,24137.0,-2.1,2.9,932.1,401.6,0.5,14.2,10.6,3.1,85.3,29.4,27.2,28.7,96.5,8.6,8.1,a>b>d>c>e,1,0,0,0,0,1,0,0,0,0,0,0,0,0,0,0,1,0,0
73.7,25.6,29.4,9.1,14.6,42.7,6.6,183.1,79.9,19123.0,-1.7,1.4,930.1,450.4,0.4,18.0,14.0,3.3,81.5,24.3,23.7,33.6,117.8,9.3,7.7,a>b>d>c>e,1,0,0,0,0,0,0,1,0,0,0,0,0,0,0,0,1,0,0
70.4,28.2,23.4,8.2,16.8,19.3,7.2,78.4,58.7,16866.0,-12.9,-3.1,886.7,466.1,0.6,45.3,41.6,3.0,54.1,19.5,11.7,22.9,111.4,10.4,9.4,b>a>e>c>d,1,0,0,0,0,0,0,1,0,0,0,0,0,0,0,0,1,0,0
70.6,26.4,26.2,8.2,15.5,36.0,3.5,81.9,64.6,18849.0,-14.9,-1.9,1499.8,887.4,0.4,54.2,51.8,1.9,45.4,13.5,16.3,15.6,82.9,6.6,7.1,a>b>c>d>e,1,0,0,0,0,0,0,1,0,0,0,0,0,0,0,0,1,0,0
73.6,28.7,25.2,8.1,19.7,21.7,5.8,82.5,63.0,18061.0,-2.0,0.7,466.8,510.9,4.2,21.6,14.7,6.6,74.2,25.5,15.5,33.1,82.3,6.4,8.0,a>b>c>d>e,0,0,0,0,0,0,0,1,0,0,0,0,0,0,0,0,1,0,0
74.6,27.4,27.9,9.9,15.7,37.8,4.6,135.7,77.4,18027.0,-1.3,-2.4,731.5,465.8,1.9,18.0,13.4,4.3,80.1,23.2,15.0,41.8,69.1,8.6,6.7,b>a>d>c>e,0,0,0,0,0,0,0,1,0,0,0,0,0,0,0,0,1,0,0
72.1,28.4,23.3,7.4,14.5,21.8,8.1,103.2,82.0,18188.0,-4.4,0.7,689.7,500.9,1.7,21.2,16.0,4.8,77.1,28.3,11.7,37.1,116.4,10.2,9.7,b>a>c>e>d,0,0,0,0,0,0,0,1,0,0,0,0,0,0,0,0,1,0,0
73.1,29.3,24.0,7.7,16.3,27.5,3.8,68.1,69.4,18280.0,2.6,11.4,477.1,508.8,3.2,21.8,12.4,5.7,75.0,27.1,8.2,39.6,139.2,9.1,10.3,a>b>c>d>e,0,0,0,0,0,0,0,1,0,0,0,0,0,0,0,0,1,0,0
73.8,28.9,23.3,7.5,16.6,31.0,5.6,88.6,76.1,18206.0,-3.7,2.1,653.9,549.1,5.0,30.4,24.0,5.9,64.6,22.3,9.9,32.4,84.6,8.6,9.4,b>a>c>e>d,0,0,0,0,0,0,0,1,0,0,0,0,0,0,0,0,1,0,0
71.5,28.7,22.2,6.9,15.5,22.8,6.0,84.8,68.2,18164.0,-6.0,-2.5,725.4,542.6,1.9,33.8,27.1,5.5,64.3,25.1,8.7,30.5,101.7,11.2,13.8,b>a>c>e>d,0,0,0,0,0,0,0,1,0,0,0,0,0,0,0,0,1,0,0
75.1,27.9,25.3,7.3,18.7,18.5,6.2,93.7,83.6,17895.0,-5.6,0.7,499.6,535.2,2.5,26.0,17.3,6.8,71.5,27.1,12.0,32.3,99.7,7.7,9.2,b>a>c>e>d,0,0,0,0,0,0,0,1,0,0,0,0,0,0,0,0,1,0,0
77.3,28.9,24.3,7.2,17.4,24.6,8.0,92.7,81.9,18118.0,-1.8,0.1,439.0,531.6,4.0,18.7,10.7,7.5,77.2,22.9,12.0,42.3,104.7,7.0,7.1,b>a>c>d>e,0,0,0,0,0,0,0,1,0,0,0,0,0,0,0,0,1,0,0
74.9,27.0,27.8,7.9,16.3,33.4,6.3,164.5,84.8,19079.0,-2.2,5.0,836.0,447.4,0.9,16.9,12.0,4.0,82.1,26.9,21.8,33.5,86.9,9.3,9.0,b>a>d>c>e,1,0,0,0,0,0,0,1,0,0,0,0,0,0,0,0,1,0,0
73.7,28.6,25.1,7.4,18.2,23.2,4.5,125.3,109.2,18943.0,-4.7,2.3,652.4,550.8,5.7,23.4,16.4,6.2,71.0,32.0,12.5,26.5,107.2,5.3,6.3,a>b>c>d>e,0,0,0,0,0,0,0,1,0,0,0,0,0,0,0,0,1,0,0
72.3,27.9,23.4,7.7,16.6,23.6,6.6,103.7,83.4,18137.0,-0.2,9.6,712.0,523.9,2.5,21.5,15.5,5.0,76.0,24.4,16.2,35.4,133.5,9.2,9.1,b>a>c>d>e,0,0,0,0,0,0,0,1,0,0,0,0,0,0,0,0,1,0,0
75.2,27.8,24.7,8.2,17.0,31.2,7.8,98.4,86.3,18286.0,-3.5,3.2,654.9,497.1,2.0,26.8,20.4,5.7,71.3,24.2,11.9,35.1,149.4,8.5,9.3,b>a>c>d>e,0,0,0,0,0,0,0,1,0,0,0,0,0,0,0,0,1,0,0
72.8,27.8,22.8,7.7,16.6,19.3,8.6,80.6,64.2,17889.0,-7.5,-0.8,660.0,544.5,2.9,35.8,29.3,6.1,61.3,21.4,9.4,30.5,120.0,9.1,9.4,b>a>c>d>e,0,0,0,0,0,0,0,1,0,0,0,0,0,0,0,0,1,0,0
69.7,28.0,24.6,8.1,18.4,21.1,5.3,90.0,72.2,17152.0,-1.2,1.0,646.5,532.6,6.0,26.4,18.1,7.0,67.6,26.0,9.4,32.3,102.8,7.5,9.3,a>b>c>d>e,0,0,0,0,0,0,0,1,0,0,0,0,0,0,0,0,1,0,0
74.0,28.2,24.1,7.3,17.3,36.4,4.8,112.7,89.9,18494.0,-2.6,-0.9,586.5,545.8,2.1,24.9,19.0,5.5,73.0,25.9,10.9,36.3,114.8,8.6,9.4,b>a>c>d>e,0,0,0,0,0,0,0,1,0,0,0,0,0,0,0,0,1,0,0
71.9,27.6,24.3,7.9,18.3,19.1,7.4,104.3,83.4,18047.0,-3.6,4.9,653.3,517.2,3.3,22.0,13.6,5.6,74.7,24.4,10.6,39.6,177.6,8.4,9.0,a>b>c>d>e,0,0,0,0,0,0,0,1,0,0,0,0,0,0,0,0,1,0,0
72.2,28.7,23.6,7.1,17.7,16.3,8.6,87.7,77.5,18258.0,-1.4,0.6,540.4,532.7,7.4,19.3,10.8,7.7,73.4,28.4,8.5,36.5,127.3,7.0,7.5,a>b>c>e>d,0,0,0,0,0,0,0,1,0,0,0,0,0,0,0,0,1,0,0
77.9,28.7,25.3,6.8,18.4,26.2,4.3,160.1,110.8,22416.0,-0.8,5.8,504.7,567.8,4.3,18.5,10.1,8.0,77.2,34.8,12.8,29.6,98.3,5.2,6.4,a>b>c>d>e,0,0,0,0,0,0,0,1,0,0,0,0,0,0,0,0,1,0,0
72.3,28.3,22.1,7.0,16.7,16.9,8.2,121.6,72.2,17298.0,-2.9,1.0,632.6,529.1,8.7,23.5,17.2,5.9,67.8,24.1,9.3,34.4,100.3,11.6,11.8,a>b>d>e>c,0,0,0,0,0,0,0,1,0,0,0,0,0,0,0,0,1,0,0
74.8,26.9,28.1,8.0,18.2,29.3,4.5,165.2,98.8,17907.0,-1.2,2.4,641.1,486.9,3.0,19.2,14.1,4.7,77.8,24.4,14.8,38.7,108.5,7.5,6.6,a>b>d>c>e,0,0,0,0,0,0,0,1,0,0,0,0,0,0,0,0,1,0,0
75.7,29.5,24.5,7.0,18.2,26.5,7.2,105.0,85.0,19387.0,-0.1,3.6,512.3,545.3,5.0,17.4,10.2,6.8,77.6,29.6,12.6,35.4,140.0,5.6,6.6,a>b>c>d>e,0,0,0,0,0,0,0,1,0,0,0,0,0,0,0,0,1,0,0
73.3,27.3,25.5,8.3,19.7,20.6,8.3,118.5,89.1,18238.0,-0.5,0.8,705.9,550.7,6.2,21.5,13.1,7.8,72.3,26.4,9.5,36.5,107.3,5.3,5.0,a>b>c>d>e,0,0,0,0,0,0,0,1,0,0,0,0,0,0,0,0,1,0,0
72.0,27.2,24.9,8.2,18.4,22.0,7.7,99.4,90.1,17502.0,-1.6,-2.6,756.9,530.9,4.1,19.9,13.0,6.3,76.0,27.2,10.5,38.3,95.6,8.2,8.2,a>b>c>d>e,0,0,0,0,0,0,0,1,0,0,0,0,0,0,0,0,1,0,0
73.0,27.8,25.9,7.8,19.1,22.8,6.9,157.5,87.0,19627.0,-6.2,5.7,630.2,529.5,5.8,24.0,16.1,7.1,70.2,29.6,12.9,27.7,86.6,7.3,7.9,a>b>c>d>e,0,0,0,0,0,0,0,1,0,0,0,0,0,0,0,0,1,0,0
73.1,27.5,23.8,7.2,17.2,27.7,6.5,107.1,78.3,17411.0,-0.9,6.0,677.4,520.0,6.4,19.0,12.5,6.0,74.6,26.7,9.4,38.5,43.7,8.2,9.6,a>b>c>d>e,0,0,0,0,0,0,0,1,0,0,0,0,0,0,0,0,1,0,0
75.0,28.9,24.8,7.7,18.7,29.3,5.4,121.1,93.7,21251.0,-3.6,-0.8,664.7,551.8,4.3,25.1,17.8,6.6,70.6,30.9,13.3,26.4,133.4,6.5,5.3,a>b>c>d>e,0,0,0,0,0,0,0,1,0,0,0,0,0,0,0,0,1,0,0
67.5,28.2,24.9,8.3,17.3,23.4,6.9,90.1,87.2,17583.0,-0.7,1.0,690.4,478.6,0.9,16.2,11.6,4.3,82.9,24.6,20.9,37.3,114.8,10.7,10.7,a>b>e>c>d,1,0,0,0,0,0,0,1,0,0,0,0,0,0,0,0,1,0,0
67.1,26.8,26.4,9.2,17.2,30.5,7.3,103.0,50.6,16543.0,-8.3,-6.3,1095.5,397.6,0.6,40.7,35.5,3.8,58.7,21.1,14.1,23.5,114.2,10.4,8.8,b>a>d>e>c,1,0,0,0,0,0,0,1,0,0,0,0,0,0,0,0,1,0,0
73.6,26.6,29.7,9.4,15.9,38.8,6.7,224.1,94.5,18650.0,1.0,-3.3,929.5,462.6,0.4,11.6,6.5,3.7,88.1,26.3,22.1,39.7,99.8,9.4,9.5,b>a>d>c>e,1,0,0,0,0,0,0,1,0,0,0,0,0,0,0,0,1,0,0
72.8,25.5,30.0,9.9,14.8,40.9,4.9,450.6,106.7,18881.0,-3.0,1.6,1050.3,438.9,0.4,17.0,12.6,3.7,82.6,28.6,20.6,33.4,81.4,9.4,7.7,a>b>d>c>e,1,0,0,0,0,0,0,1,0,0,0,0,0,0,0,0,1,0,0
67.7,27.9,24.2,9.2,14.3,25.5,9.4,100.3,67.3,17005.0,-4.0,4.6,863.9,439.2,0.8,15.0,9.8,4.4,84.2,20.8,13.1,50.4,102.2,12.7,8.6,b>a>c>e>d,1,0,0,0,0,0,0,1,0,0,0,0,0,0,0,0,1,0,0
73.3,28.0,24.9,7.5,19.2,19.6,6.4,122.6,96.5,19344.0,-3.2,2.9,691.8,551.1,9.9,23.4,15.7,7.6,66.7,32.0,8.3,26.4,95.8,5.8,5.4,a>b>c>d>e,0,0,0,0,0,0,0,1,0,0,0,0,0,0,0,0,1,0,0
70.8,27.8,24.6,8.0,19.3,19.3,9.5,103.1,78.4,16554.0,-1.9,10.1,610.3,499.1,5.2,18.8,9.1,7.3,76.0,31.8,11.7,32.5,69.7,8.9,8.0,b>a>e>c>d,0,0,0,0,0,0,0,1,0,0,0,0,0,0,0,0,1,0,0
68.0,25.0,26.9,9.5,22.8,16.5,6.1,78.2,116.6,16604.0,-4.3,4.2,727.8,491.7,9.4,35.7,25.6,9.3,54.9,22.4,9.9,22.6,87.5,6.6,6.1,a>b>c>e>d,0,0,0,0,0,0,0,1,0,0,0,0,0,0,0,0,1,0,0
73.7,26.4,26.7,9.1,20.3,23.7,5.9,80.4,99.0,17390.0,-5.3,2.5,760.7,511.8,5.0,32.4,22.5,8.6,62.7,25.3,10.5,26.9,96.1,4.7,4.9,a>b>c>d>e,0,0,0,0,0,0,0,1,0,0,0,0,0,0,0,0,1,0,0
72.4,28.3,23.2,7.5,18.1,16.0,7.2,106.3,82.4,17253.0,0.7,5.0,636.5,546.8,4.0,19.2,13.3,5.6,76.8,28.1,13.9,34.8,72.7,7.3,6.4,b>a>c>d>e,0,0,0,0,0,0,0,1,0,0,0,0,0,0,0,0,1,0,0
73.8,26.3,25.9,8.6,20.2,20.4,8.1,92.3,83.5,16182.0,-4.9,4.7,695.1,511.5,4.8,28.0,18.4,7.9,67.1,28.0,12.3,26.8,84.8,5.4,4.0,a>b>c>d>e,0,0,0,0,0,0,0,1,0,0,0,0,0,0,0,0,1,0,0
70.6,27.1,25.4,8.4,19.5,15.1,9.3,92.6,89.8,16598.0,-2.7,5.7,625.7,504.6,4.8,17.8,10.4,6.7,77.4,32.0,15.3,30.1,57.3,8.5,8.7,b>a>c>e>d,0,0,0,0,0,0,0,1,0,0,0,0,0,0,0,0,1,0,0
74.8,28.5,25.3,7.6,19.4,13.1,7.0,116.4,104.0,18944.0,-4.8,1.4,545.4,551.1,6.5,26.4,17.6,7.9,67.0,28.1,11.4,27.5,84.5,6.3,7.7,a>b>c>d>e,0,0,0,0,0,0,0,1,0,0,0,0,0,0,0,0,1,0,0
74.5,27.2,25.5,8.4,19.8,16.6,6.4,92.9,85.5,19107.0,-5.5,2.2,637.3,532.4,5.0,31.3,24.0,7.0,63.7,27.2,11.0,25.5,97.7,5.4,4.6,a>b>c>d>e,0,0,0,0,0,0,0,1,0,0,0,0,0,0,0,0,1,0,0
72.6,25.4,28.0,9.8,21.6,26.6,6.1,90.0,100.8,19762.0,-4.9,3.3,860.1,502.5,6.2,34.2,26.1,7.3,59.6,24.4,11.3,23.9,58.9,4.3,4.8,a>c>b>d>e,0,0,0,0,0,0,0,1,0,0,0,0,0,0,0,0,1,0,0
69.8,28.5,23.6,7.8,18.6,24.9,4.3,77.0,92.2,17523.0,-1.6,19.9,655.0,494.8,5.0,37.8,28.3,6.2,57.2,23.0,8.7,25.5,107.0,7.9,8.8,b>a>c>e>d,0,0,0,0,0,0,0,1,0,0,0,0,0,0,0,0,1,0,0
67.7,28.1,24.1,7.8,18.8,23.5,5.0,126.6,80.5,17126.0,-1.3,3.8,672.7,521.8,7.4,16.9,8.5,7.9,75.7,31.8,8.1,35.8,72.3,8.2,7.5,a>b>c>e>d,0,0,0,0,0,0,0,1,0,0,0,0,0,0,0,0,1,0,0
71.4,26.4,28.2,8.8,15.1,32.7,5.1,155.4,93.7,21752.0,-2.8,1.9,896.6,394.5,0.4,21.1,16.5,4.0,78.6,29.7,19.2,29.6,105.1,11.1,9.9,b>a>d>e>c,1,0,0,0,1,0,0,0,0,0,0,0,0,0,0,0,1,0,0
65.1,27.8,24.9,9.1,16.2,32.7,9.2,81.7,103.1,18294.0,2.1,3.1,875.2,378.5,0.4,18.0,13.1,4.2,81.6,31.1,15.8,34.7,158.4,15.4,14.1,b>a>e>d>c,1,0,0,0,1,0,0,0,0,0,0,0,0,0,0,0,1,0,0
71.1,26.0,32.0,7.3,15.0,35.6,8.4,290.5,130.9,22520.0,-2.5,7.5,1236.4,461.5,0.3,13.7,10.0,2.7,86.0,28.0,31.7,26.3,152.4,9.6,7.2,a>b>c>d>e,1,0,0,0,0,0,0,0,0,1,0,0,0,0,0,0,0,0,1
64.8,27.2,26.3,8.3,16.8,28.3,8.5,105.0,93.0,15968.0,-9.5,3.0,702.4,423.4,0.4,25.5,19.4,4.7,74.1,26.9,16.2,31.0,206.1,13.0,10.9,b>a>e>c>d,1,0,0,0,0,0,0,0,0,1,0,0,0,0,0,0,0,0,1
69.7,27.6,26.3,8.2,15.6,35.1,8.0,158.8,97.3,19064.0,-1.6,14.6,840.7,444.9,0.5,16.7,9.1,4.9,82.8,24.1,24.8,33.8,215.6,12.3,11.8,b>a>c>d>e,1,0,0,0,0,0,0,0,0,1,0,0,0,0,0,0,0,0,1
68.1,28.3,25.7,8.1,16.4,31.5,7.6,140.7,99.6,18627.0,-8.6,-1.5,768.7,443.3,0.8,25.9,20.9,3.9,73.2,26.2,18.4,28.6,204.9,11.5,8.7,a>b>c>d>e,1,0,0,0,0,0,0,0,0,1,0,0,0,0,0,0,0,0,1
63.9,28.0,25.7,8.7,17.2,30.3,7.7,140.2,114.1,19325.0,-3.1,0.5,729.1,459.3,0.7,22.4,16.3,4.9,76.9,27.6,19.2,30.1,171.8,12.2,12.2,a>b>c>d>e,1,0,0,0,0,0,0,0,0,1,0,0,0,0,0,0,0,0,1
73.7,28.6,24.4,7.4,15.5,34.9,4.7,145.0,66.7,22272.0,-7.9,4.5,739.1,502.1,0.9,24.1,16.6,6.1,75.1,31.1,18.2,25.8,171.7,8.4,4.0,b>a>c>d>e,1,0,0,0,0,0,0,0,0,1,0,0,0,0,0,0,0,0,1
68.5,28.9,25.6,8.1,16.5,28.5,7.4,117.2,83.2,16644.0,-3.5,5.2,629.6,452.7,0.4,20.6,12.3,7.3,79.0,28.1,21.3,29.6,216.0,12.4,11.9,b>a>e>c>d,1,0,0,0,0,0,0,0,0,1,0,0,0,0,0,0,0,0,1
68.9,27.3,24.4,8.4,17.6,29.7,5.4,119.2,84.6,22131.0,-9.2,1.3,821.9,491.0,0.6,37.2,31.9,4.6,62.2,20.9,16.2,25.2,220.1,9.8,9.3,a>b>c>e>d,1,0,0,0,0,0,0,0,0,1,0,0,0,0,0,0,0,0,1
70.1,27.5,25.5,8.0,17.2,34.2,5.6,148.9,91.4,21182.0,-6.8,1.1,655.1,484.5,0.5,31.5,26.0,4.7,67.9,23.7,13.3,30.9,154.7,9.4,9.7,a>b>c>d>e,1,0,0,0,0,0,0,0,0,1,0,0,0,0,0,0,0,0,1
68.2,27.3,26.1,8.5,16.5,33.1,7.7,238.4,88.8,20069.0,-6.0,1.0,720.6,429.8,0.7,25.5,20.1,3.7,73.9,25.1,16.1,32.6,235.7,12.5,14.2,a>b>c>d>e,1,0,0,0,0,0,0,0,0,1,0,0,0,0,0,0,0,0,1
70.1,28.6,25.5,8.4,18.5,22.8,4.9,115.6,115.6,18223.0,-2.0,11.3,634.9,517.7,6.7,21.1,14.3,6.4,72.2,28.6,12.2,31.4,115.5,6.9,6.7,a>b>c>d>e,0,0,0,0,0,0,0,0,0,1,0,0,0,0,0,0,0,0,1
73.3,28.5,24.6,7.4,16.6,30.4,5.1,156.7,101.8,22176.0,-7.7,3.1,748.9,525.0,0.9,27.4,22.2,4.4,71.7,30.8,17.4,23.4,161.0,7.4,7.0,a>b>c>d>e,0,0,0,0,0,0,0,0,0,1,0,0,0,0,0,0,0,0,1
72.9,28.5,25.7,7.6,17.5,34.4,4.8,192.2,100.2,21928.0,-3.5,0.8,652.0,536.9,1.6,23.0,16.0,4.4,75.4,32.7,15.8,27.0,161.1,6.9,5.9,a>b>c>d>e,0,0,0,0,0,0,0,0,0,1,0,0,0,0,0,0,0,0,1
72.2,29.0,24.9,7.8,18.1,32.3,5.4,154.8,117.7,20161.0,-3.9,6.1,620.6,533.0,3.5,26.0,19.4,6.1,70.5,29.3,13.9,27.2,180.3,7.1,6.6,a>b>c>d>e,0,0,0,0,0,0,0,0,0,1,0,0,0,0,0,0,0,0,1
72.8,29.6,24.5,8.1,16.9,28.1,5.3,114.5,87.0,18922.0,-3.8,7.7,603.8,524.7,2.5,24.3,15.0,6.0,73.3,27.8,13.9,31.6,184.1,7.6,8.2,b>a>c>e>d,0,0,0,0,0,0,0,0,0,1,0,0,0,0,0,0,0,0,1
76.4,26.4,30.0,8.4,16.7,46.0,4.5,376.2,94.8,20182.0,0.8,6.3,1053.1,487.1,0.3,8.1,5.5,2.0,91.6,22.7,21.1,47.7,149.6,7.6,6.5,a>b>c>d>e,1,0,0,0,0,0,0,0,0,1,0,0,0,0,0,0,0,0,1
70.6,25.3,32.1,8.5,15.7,34.0,5.5,288.9,125.7,20298.0,-2.1,-2.8,978.4,425.2,0.2,14.0,9.8,3.2,85.8,26.5,27.5,31.8,149.3,10.6,8.7,a>b>d>c>e,1,0,0,0,0,0,0,0,0,1,0,0,0,0,0,0,0,0,1
71.1,26.9,26.0,7.7,16.9,40.1,3.4,150.8,83.8,18354.0,-9.9,-4.5,789.4,485.7,0.5,29.0,24.0,4.1,70.5,23.4,20.2,26.9,207.2,9.0,9.6,a>b>c>d>e,1,0,0,0,0,0,0,0,0,1,0,0,0,0,0,0,0,0,1
71.36346154,27.4,27.2,9.9,16.3,34.2,5.3,142.9653846,86.1,17749.0,-2.5,2.6,725.8,496.6923077,0.8,20.0,14.9,4.0,79.2,24.5,19.4,35.3,160.5,8.782692308,8.559615385,a>b>c>d>e,1,0,0,0,0,0,0,0,0,1,0,0,0,0,0,0,0,0,1
72.1,28.5,25.7,8.5,17.9,28.8,4.1,109.7,90.7,17901.0,-4.0,5.4,620.7,510.4,2.3,25.7,17.7,5.2,72.0,22.0,19.4,30.5,198.9,8.3,9.4,a>b>c>e>d,0,0,0,0,0,0,0,0,0,1,0,0,0,0,0,0,0,0,1
73.5,28.8,26.1,7.8,17.5,30.7,6.0,172.0,101.5,19198.0,-4.1,-0.5,597.1,512.4,1.4,22.8,13.1,6.5,75.7,30.5,17.1,28.2,172.4,8.1,8.4,a>b>c>d>e,0,0,0,0,0,0,0,0,0,1,0,0,0,0,0,0,0,0,1
70.5,29.3,24.6,8.0,18.3,28.7,5.3,131.9,101.3,18249.0,-4.5,0.7,606.2,532.6,3.0,25.4,17.5,7.0,71.6,26.1,13.5,32.1,190.4,6.7,7.7,a>b>c>d>e,0,0,0,0,0,0,0,0,0,1,0,0,0,0,0,0,0,0,1
70.2,28.7,25.3,8.5,18.6,28.5,7.1,104.6,103.5,17315.0,-1.1,2.9,539.2,519.1,2.7,23.3,15.1,7.7,74.0,28.5,14.8,30.7,170.2,8.1,9.1,a>b>c>e>d,0,0,0,0,0,0,0,0,0,1,0,0,0,0,0,0,0,0,1
71.1,27.3,25.2,8.5,19.0,26.4,5.9,130.6,85.5,21288.0,-8.0,0.8,712.0,539.2,1.8,34.1,28.2,5.1,64.1,22.0,16.2,25.9,157.7,7.5,8.2,a>b>c>d>e,0,0,0,0,0,0,0,0,0,1,0,0,0,0,0,0,0,0,1
77.3,28.4,23.9,7.4,18.2,34.6,6.1,200.3,103.6,22665.0,-2.8,0.4,613.9,565.0,1.7,23.4,16.7,6.2,74.8,26.2,16.0,32.7,137.0,6.8,6.9,a>b>c>d>e,0,0,0,0,0,0,0,0,0,1,0,0,0,0,0,0,0,0,1
74.2,28.4,25.5,8.0,18.5,35.5,5.3,172.8,98.8,20086.0,-1.5,4.9,562.7,515.6,2.4,21.1,14.6,5.9,76.5,26.3,17.8,32.4,153.0,6.4,7.2,a>b>c>d>e,0,0,0,0,0,0,0,0,0,1,0,0,0,0,0,0,0,0,1
71.2,29.1,25.2,8.1,16.5,28.5,7.3,96.6,86.7,17978.0,-4.5,14.0,610.7,506.4,1.9,26.5,12.6,5.2,71.6,25.7,13.4,32.5,170.5,8.8,10.7,b>a>e>c>d,1,0,0,0,0,0,0,0,0,1,0,0,0,0,0,0,0,0,1
64.9,27.7,25.7,8.5,17.0,26.5,9.3,102.6,72.7,15905.0,-4.6,-1.2,653.2,421.9,0.5,21.9,14.4,4.9,77.7,24.4,18.3,35.0,295.2,15.1,15.8,b>a>e>c>d,1,0,0,0,0,0,0,0,0,1,0,0,0,0,0,0,0,0,1
77.7,24.9,31.7,9.8,15.8,41.6,6.7,257.4,84.8,21757.0,-0.9,3.9,1048.5,454.2,0.9,12.6,8.6,2.9,86.5,22.9,22.7,40.9,119.6,6.5,5.5,a>b>d>c>e,1,0,0,0,0,0,0,0,0,1,0,0,0,0,0,0,0,0,1
73.6,26.3,26.6,9.1,20.8,20.7,5.9,172.8,110.4,18859.0,-5.6,4.8,735.7,492.2,4.1,32.8,24.5,7.7,63.1,27.6,11.0,24.6,127.1,5.9,5.9,a>b>c>d>e,0,0,0,0,0,0,0,0,0,1,0,0,0,0,0,0,0,0,1
77.1,28.1,25.4,8.6,19.8,28.8,3.4,115.1,78.0,19399.0,-3.1,-3.4,607.1,551.9,5.2,23.8,17.8,5.5,71.1,28.9,10.6,31.5,119.6,4.4,4.6,a>b>c>d>e,0,0,0,0,0,0,0,0,0,1,0,0,0,0,0,0,0,0,1
71.4,28.9,24.9,8.1,16.8,28.7,5.8,103.0,77.0,17840.0,-3.1,5.8,558.4,484.7,1.5,20.9,12.7,6.0,77.5,27.1,15.4,35.0,158.6,11.4,11.6,b>a>c>e>d,0,0,0,0,0,0,0,0,0,1,0,0,0,0,0,0,0,0,1
74.2,26.8,25.9,8.8,20.0,26.5,4.6,112.4,82.6,18888.0,-4.4,1.7,689.8,506.6,3.3,27.2,19.8,5.6,69.5,29.5,11.9,28.1,136.6,5.2,5.1,a>b>c>d>e,0,0,0,0,0,0,0,0,0,1,0,0,0,0,0,0,0,0,1
73.9,27.1,25.6,8.5,19.6,27.7,3.8,95.8,81.6,20723.0,-7.0,-0.1,686.0,516.3,4.7,33.2,27.3,5.5,62.1,24.0,11.7,26.5,140.8,6.1,6.4,a>b>c>d>e,0,0,0,0,0,0,0,0,0,1,0,0,0,0,0,0,0,0,1
72.9,25.0,27.9,9.1,17.3,35.0,5.8,153.4,92.2,19784.0,-3.7,1.0,870.9,450.6,0.7,20.6,16.3,3.3,78.8,26.3,17.1,35.3,209.2,10.7,11.6,a>b>d>c>e,1,0,0,0,0,0,0,0,0,1,0,0,0,0,0,0,0,0,1
72.5,26.5,26.5,8.5,19.8,26.1,4.6,113.6,82.1,22587.0,-6.7,1.4,834.2,537.9,2.5,37.3,31.8,5.0,60.2,25.5,15.2,19.6,141.4,5.3,6.1,a>b>c>d>e,0,0,0,0,0,0,0,0,0,1,0,0,0,0,0,0,0,0,1
71.0,27.0,24.8,8.2,18.4,32.8,5.5,119.7,99.4,20704.0,-5.4,-1.2,753.2,557.9,1.6,35.0,28.8,5.4,63.4,26.2,12.8,24.4,162.3,7.6,7.3,b>a>c>d>e,0,0,0,0,0,0,0,0,0,1,0,0,0,0,0,0,0,0,1
73.8,27.5,24.3,8.5,18.8,30.2,5.7,85.7,95.5,18209.0,-4.4,-2.1,660.1,520.6,4.7,27.9,22.0,5.5,67.4,25.9,9.0,32.5,108.5,6.8,6.8,a>b>c>d>e,0,0,0,0,0,0,0,0,0,1,0,0,0,0,0,0,0,0,1
72.8,26.8,24.0,8.5,19.0,27.0,6.7,113.4,91.0,20683.0,-4.0,-0.5,676.0,530.5,2.1,29.2,23.1,5.4,68.7,24.0,11.7,33.0,169.4,9.0,9.1,b>a>c>d>e,0,0,0,0,0,0,0,0,0,1,0,0,0,0,0,0,0,0,1
70.2,26.8,24.6,8.4,18.8,33.0,6.5,100.0,92.2,20151.0,-4.5,3.3,785.6,551.0,2.5,28.6,23.3,4.5,68.9,24.8,13.2,30.9,215.5,7.5,6.7,a>b>c>d>e,0,0,0,0,0,0,0,0,0,1,0,0,0,0,0,0,0,0,1
70.6,26.3,28.0,9.4,19.5,27.7,5.1,134.2,96.3,18198.0,-4.5,2.0,748.7,506.5,2.5,27.4,22.0,4.9,70.1,25.2,15.0,29.9,166.0,7.6,7.6,a>b>c>d>e,0,0,0,0,0,0,0,0,0,1,0,0,0,0,0,0,0,0,1
71.1,28.4,27.3,8.5,14.4,32.3,6.9,146.5,79.6,18006.0,-4.9,0.7,719.1,509.8,0.4,19.5,14.4,4.2,80.2,24.6,17.3,38.3,219.2,10.3,9.1,b>a>d>e>c,1,0,0,0,0,0,0,0,0,1,0,0,0,0,0,0,0,0,1
68.7,27.3,27.0,8.5,16.2,29.7,8.8,139.5,106.7,17333.0,-1.2,0.0,785.8,425.5,0.5,15.5,9.6,4.4,84.0,27.1,24.0,32.8,223.0,13.2,12.3,b>a>d>c>e,1,0,0,0,0,0,0,0,0,1,0,0,0,0,0,0,0,0,1
67.8,27.0,24.7,8.3,17.2,32.5,7.0,113.3,73.7,19286.0,-8.1,0.6,796.2,447.3,0.6,24.2,18.8,3.9,75.2,28.1,13.7,33.4,134.1,11.6,10.6,b>a>c>e>d,1,0,0,0,0,0,0,0,0,1,0,0,0,0,0,0,0,0,1
69.3,27.0,26.6,8.4,18.3,25.9,6.6,93.6,81.1,16408.0,-3.2,6.2,656.1,453.1,1.4,23.6,14.4,5.1,74.9,28.5,13.1,33.3,193.2,10.7,9.6,a>b>c>e>d,1,0,0,0,0,0,0,0,0,1,0,0,0,0,0,0,0,0,1
67.4,28.4,26.1,7.9,15.9,27.3,7.1,94.9,70.6,16353.0,-3.5,11.8,560.8,413.3,0.4,21.5,11.6,7.8,78.1,25.7,17.4,35.1,253.3,13.1,12.2,b>a>e>c>d,1,0,0,0,0,0,0,0,0,1,0,0,0,0,0,0,0,0,1
73.4,29.0,24.8,7.7,16.0,31.6,6.2,135.8,83.1,23005.0,-7.8,4.2,649.6,525.6,1.1,32.5,27.2,4.4,66.4,23.8,13.7,28.9,121.5,8.2,7.5,b>a>c>d>e,0,0,0,0,0,0,0,0,0,1,0,0,0,0,0,0,0,0,1
72.7,27.1,24.8,8.3,18.8,26.6,5.9,114.9,92.3,20870.0,-5.9,1.4,793.2,529.4,2.8,34.1,27.6,5.4,63.1,23.1,11.9,28.0,107.9,6.7,6.5,a>b>c>e>d,0,0,0,0,0,0,0,0,0,1,0,0,0,0,0,0,0,0,1
69.1,27.7,24.9,8.5,18.1,24.0,9.3,108.2,80.3,23595.0,-11.0,1.9,726.7,514.9,1.1,43.8,38.6,4.4,55.1,20.0,11.0,24.2,165.9,8.5,8.7,a>b>c>e>d,0,0,0,0,0,0,0,0,0,1,0,0,0,0,0,0,0,0,1
73.2,26.9,26.7,8.6,19.1,26.1,6.3,101.8,83.8,24771.0,-10.9,0.8,763.6,540.7,2.1,44.3,37.7,6.1,53.7,21.2,10.3,22.1,98.5,5.7,7.1,a>b>c>d>e,0,0,0,0,0,0,0,0,0,1,0,0,0,0,0,0,0,0,1
71.8,27.8,25.6,9.0,17.1,31.2,4.2,124.1,71.5,21842.0,-9.3,3.7,789.5,536.9,1.3,34.6,29.0,5.0,64.1,24.4,12.5,27.2,106.4,7.0,7.3,a>b>c>d>e,0,0,0,0,0,0,0,0,0,1,0,0,0,0,0,0,0,0,1
71.0,27.6,25.6,8.3,18.5,29.4,4.8,111.7,92.5,19203.0,-6.4,6.4,712.4,522.6,3.3,31.4,26.1,4.6,65.3,24.9,11.6,28.9,165.3,7.7,7.5,a>b>c>d>e,0,0,0,0,0,0,0,0,0,1,0,0,0,0,0,0,0,0,1
72.3,28.7,24.9,8.3,17.3,30.9,6.7,98.7,77.3,18276.0,-6.8,2.5,580.0,497.6,1.4,24.2,18.1,4.7,74.4,30.2,14.2,30.0,194.2,10.0,9.9,b>a>c>e>d,0,0,0,0,0,0,0,0,0,1,0,0,0,0,0,0,0,0,1
74.2,26.5,30.5,8.7,15.9,47.6,4.9,260.3,118.9,22598.0,-0.4,3.7,1253.8,464.8,0.4,20.3,17.8,2.1,79.3,20.9,23.9,34.5,73.6,7.3,6.4,a>b>d>c>e,1,0,0,0,0,0,1,0,0,0,0,0,0,0,0,0,0,0,1
71.8,26.4,33.6,7.4,15.4,34.0,7.6,282.9,189.6,19350.0,-0.2,4.3,1331.2,445.2,0.2,10.4,7.1,2.7,89.3,27.4,38.9,23.0,100.8,8.3,8.6,a>b>c>d>e,1,0,0,0,0,0,1,0,0,0,0,0,0,0,0,0,0,0,1
66.1,26.1,30.3,8.4,17.7,26.7,11.9,154.0,259.0,16924.0,-1.1,0.2,804.1,410.2,0.2,21.3,15.5,4.7,78.5,21.3,27.3,29.9,121.2,11.4,9.5,a>b>c>d>e,1,0,0,0,0,0,1,0,0,0,0,0,0,0,0,0,0,0,1
71.2,26.3,29.9,7.6,16.6,33.4,8.9,221.5,129.2,20573.0,-0.8,1.1,931.4,473.0,0.6,13.7,9.3,4.1,85.7,22.7,27.9,35.1,57.3,8.2,9.4,a>b>c>d>e,1,0,0,0,0,0,1,0,0,0,0,0,0,0,0,0,0,0,1
74.3,29.2,25.5,7.6,17.0,32.2,5.4,158.5,116.2,20422.0,-2.9,3.1,580.5,571.6,2.2,25.8,17.4,6.9,72.0,30.0,14.8,27.3,70.6,5.9,5.2,a>b>c>d>e,0,0,0,0,0,0,1,0,0,0,0,0,0,0,0,0,0,0,1
76.2,29.2,26.6,7.8,17.5,22.3,6.8,162.2,120.3,20569.0,-1.3,3.9,513.6,554.6,2.3,29.1,21.3,7.4,68.6,28.3,16.1,24.2,87.2,5.6,5.8,a>b>c>d>e,0,0,0,0,0,0,1,0,0,0,0,0,0,0,0,0,0,0,1
74.4,27.5,27.9,7.9,17.6,23.7,7.9,119.8,117.3,18682.0,-4.7,-1.6,697.7,555.5,1.1,28.7,23.6,4.6,70.2,31.3,18.7,20.2,90.5,6.2,6.6,a>b>c>d>e,0,0,0,0,0,0,1,0,0,0,0,0,0,0,0,0,0,0,1
80.0,28.1,25.7,6.4,17.9,38.4,5.4,232.8,125.9,28242.0,-2.8,0.2,770.8,658.5,0.9,18.4,14.2,3.9,80.7,23.5,30.0,27.2,60.1,4.2,4.3,a>c>b>d>e,0,0,0,0,0,0,1,0,0,0,0,0,0,0,0,0,0,0,1
73.4,28.5,26.3,7.8,17.2,24.1,6.7,136.0,117.8,19726.0,-3.4,-0.2,617.9,539.8,1.8,29.3,21.9,6.6,68.8,25.5,17.2,26.2,79.5,6.3,6.0,a>b>c>d>e,0,0,0,0,0,0,1,0,0,0,0,0,0,0,0,0,0,0,1
79.3,27.6,27.5,6.5,17.8,31.2,7.3,191.5,132.3,23612.0,-1.2,4.4,752.4,693.5,0.9,13.1,9.4,3.5,86.1,33.5,29.5,23.0,56.6,4.7,5.1,a>c>b>d>e,0,0,0,0,0,0,1,0,0,0,0,0,0,0,0,0,0,0,1
72.2,29.0,24.0,8.4,17.3,25.9,7.0,99.6,99.2,18867.0,-3.7,-2.1,574.3,558.5,2.6,34.5,27.6,6.7,62.8,22.3,13.9,26.7,61.1,6.2,6.3,a>b>c>d>e,0,0,0,0,0,0,1,0,0,0,0,0,0,0,0,0,0,0,1
75.4,28.3,27.0,7.3,17.0,29.5,5.5,185.5,138.9,21404.0,-3.6,2.5,675.1,555.9,0.8,22.9,16.8,5.3,76.3,33.9,22.8,19.6,73.8,6.4,6.7,a>b>c>d>e,0,0,0,0,0,0,1,0,0,0,0,0,0,0,0,0,0,0,1
77.6,29.4,25.6,7.0,17.2,26.4,6.6,168.1,120.8,21041.0,-1.8,2.4,523.0,582.5,3.5,23.2,16.7,6.0,73.3,24.8,18.3,30.2,50.1,4.6,4.5,a>b>c>d>e,0,0,0,0,0,0,1,0,0,0,0,0,0,0,0,0,0,0,1
74.8,28.5,26.4,7.6,17.6,34.0,6.5,151.2,118.6,20304.0,-1.6,3.1,581.5,546.7,2.0,25.1,18.0,6.1,72.9,25.3,18.5,29.1,78.5,5.7,6.7,a>b>c>d>e,0,0,0,0,0,0,1,0,0,0,0,0,0,0,0,0,0,0,1
72.9,27.8,27.1,10.1,16.2,29.2,6.0,148.6,96.4,18345.0,-2.8,2.6,734.1,513.2,1.3,22.2,17.1,4.3,76.5,26.5,14.5,35.5,84.2,8.2,7.6,a>b>c>d>e,0,0,0,0,0,0,1,0,0,0,0,0,0,0,0,0,0,0,1
68.9,27.8,25.4,8.2,17.8,20.9,6.1,116.9,82.6,20903.0,-8.2,3.9,717.0,556.5,1.4,36.3,30.6,5.2,62.4,22.7,13.1,26.6,90.1,7.1,7.9,a>b>c>d>e,0,0,0,0,0,0,1,0,0,0,0,0,0,0,0,0,0,0,1
71.4,28.3,25.4,8.1,18.3,22.2,4.4,130.0,113.8,19119.0,-1.8,3.4,631.8,559.5,1.8,24.4,15.9,8.0,73.7,28.0,14.6,31.1,113.6,6.2,6.7,a>b>c>d>e,0,0,0,0,0,0,1,0,0,0,0,0,0,0,0,0,0,0,1
73.1,27.8,27.0,10.3,16.6,28.0,5.4,111.2,109.6,17511.0,-3.8,4.0,688.9,491.5,2.0,28.7,23.7,4.5,69.3,19.3,12.9,37.1,69.4,6.2,6.8,a>b>c>d>e,0,0,0,0,0,0,1,0,0,0,0,0,0,0,0,0,0,0,1
72.9,29.3,24.0,7.8,16.2,18.4,6.9,103.5,75.7,18418.0,-4.2,1.2,605.3,576.6,5.3,31.9,23.9,7.6,62.8,23.5,8.6,30.7,48.3,6.7,5.6,a>b>c>e>d,0,0,0,0,0,0,1,0,0,0,0,0,0,0,0,0,0,0,1
69.5,26.6,27.8,9.8,15.3,31.4,8.4,183.6,105.7,16998.0,-1.9,1.6,1056.7,396.8,0.5,16.5,11.7,3.3,83.0,26.4,18.8,37.8,96.4,12.4,12.5,b>a>d>e>c,1,0,0,0,0,0,1,0,0,0,0,0,0,0,0,0,0,0,1
74.4,26.5,26.0,8.5,18.8,21.8,5.3,131.7,86.4,19342.0,-2.8,0.6,808.5,549.9,2.6,28.4,20.5,7.2,69.0,27.5,14.8,26.7,66.7,5.8,5.5,a>b>c>d>e,0,0,0,0,0,0,1,0,0,0,0,0,0,0,0,0,0,0,1
73.4,28.4,24.2,7.7,16.3,23.0,6.1,127.3,72.3,18441.0,-2.9,3.9,755.9,566.6,2.8,29.3,21.5,7.1,67.9,29.6,10.9,27.3,87.9,7.3,7.5,b>a>c>e>d,0,0,0,0,0,0,1,0,0,0,0,0,0,0,0,0,0,0,1
76.0,29.2,24.1,7.3,16.6,20.7,5.2,97.7,83.4,19184.0,-4.5,3.0,599.2,545.8,2.5,34.5,29.1,4.9,63.0,24.8,13.2,25.0,77.8,6.0,6.9,b>a>c>d>e,0,0,0,0,0,0,1,0,0,0,0,0,0,0,0,0,0,0,1
74.9,28.6,24.7,7.9,16.9,24.1,5.8,97.5,80.4,18044.0,-3.9,-0.8,615.4,561.5,3.5,26.7,21.1,5.2,69.8,25.6,8.5,35.7,59.9,6.4,6.9,b>a>c>e>d,0,0,0,0,0,0,1,0,0,0,0,0,0,0,0,0,0,0,1
71.2,28.0,24.4,8.1,17.6,21.1,10.2,94.7,74.0,18171.0,-4.0,-0.8,769.2,555.7,3.8,32.1,25.7,5.7,64.1,23.5,8.2,32.4,84.8,7.0,7.6,a>b>c>d>e,0,0,0,0,0,0,1,0,0,0,0,0,0,0,0,0,0,0,1
73.9,29.2,23.3,7.4,15.7,20.7,5.6,93.9,69.8,17818.0,-4.4,-0.9,625.3,543.1,4.2,26.0,18.1,7.2,69.8,24.2,10.0,35.6,97.4,8.4,9.3,b>a>c>e>d,0,0,0,0,0,0,1,0,0,0,0,0,0,0,0,0,0,0,1
68.4,26.4,27.4,8.5,15.3,41.7,7.0,197.8,112.8,18269.0,-2.1,-0.1,1402.7,489.4,0.4,12.7,8.8,2.9,86.8,24.8,19.7,42.4,132.8,8.1,9.0,a>b>c>d>e,1,0,0,0,0,0,0,0,0,0,1,0,0,0,0,0,0,0,1
74.1,28.8,23.5,7.9,16.7,35.0,4.5,147.4,107.6,18596.0,0.3,4.6,615.1,555.2,4.4,20.5,13.3,6.8,75.0,29.5,10.6,34.9,52.8,4.7,5.1,a>c>b>d>e,0,0,0,0,0,0,0,0,0,0,1,0,0,0,0,0,0,0,1
70.3,28.0,24.5,8.5,17.9,19.1,8.8,121.3,90.1,17910.0,-5.7,3.4,604.7,538.1,2.0,34.5,26.4,7.8,63.5,25.7,9.3,28.5,64.6,6.8,6.9,a>b>c>e>d,0,0,0,0,0,0,0,0,0,0,1,0,0,0,0,0,0,0,1
71.7,28.9,24.7,8.0,17.1,30.3,7.2,114.1,111.1,18444.0,-3.3,1.2,688.0,543.2,3.1,25.5,19.2,5.6,71.4,24.3,13.4,33.7,114.8,7.2,9.0,a>b>c>e>d,0,0,0,0,0,0,0,0,0,0,1,0,0,0,0,0,0,0,1
66.8,29.2,23.2,8.1,16.6,24.3,8.7,93.9,84.1,18085.0,-1.6,2.8,712.1,550.1,1.7,27.9,20.0,7.0,70.4,22.9,8.9,38.6,74.1,7.5,8.3,a>b>c>e>d,0,0,0,0,0,0,0,0,0,0,1,0,0,0,0,0,0,0,1
73.3,27.8,23.6,8.1,17.4,14.2,8.0,134.9,89.6,17791.0,-0.1,2.4,749.6,569.7,6.0,17.7,10.5,7.1,76.3,28.1,10.7,37.4,82.1,4.6,4.9,a>c>b>e>d,0,0,0,0,0,0,0,0,0,0,1,0,0,0,0,0,0,0,1
70.0,29.0,25.1,8.0,17.4,20.1,6.6,144.2,93.9,18442.0,-4.5,1.9,608.5,554.3,2.0,27.5,20.1,6.4,70.5,27.3,11.4,31.8,103.7,5.7,6.1,a>b>c>d>e,0,0,0,0,0,0,0,0,0,0,1,0,0,0,0,0,0,0,1
71.9,28.6,23.8,8.2,18.1,19.5,10.5,153.8,111.4,19570.0,-4.4,-0.8,683.2,555.6,1.5,32.2,24.1,7.0,66.3,23.8,11.8,30.7,161.6,6.7,7.1,a>b>c>e>d,0,0,0,0,0,0,0,0,0,0,1,0,0,0,0,0,0,0,1
72.4,28.7,24.5,8.1,17.7,23.1,7.0,139.6,103.7,18561.0,-3.5,4.5,729.4,577.4,3.5,27.2,18.8,8.2,69.3,27.0,12.5,29.8,103.2,5.6,6.2,a>b>c>d>e,0,0,0,0,0,0,0,0,0,0,1,0,0,0,0,0,0,0,1
72.0,29.3,24.0,7.8,16.8,25.2,7.7,126.9,92.4,18675.0,-1.4,-0.5,590.4,564.2,2.5,26.2,19.6,6.2,71.3,24.3,9.1,37.9,122.1,5.0,3.9,a>b>c>d>e,0,0,0,0,0,0,0,0,0,0,1,0,0,0,0,0,0,0,1
72.5,28.1,25.3,8.3,18.5,19.7,7.3,132.2,99.2,19459.0,-3.5,1.0,683.8,574.1,1.8,32.8,23.6,8.7,65.4,25.7,12.9,26.8,92.7,5.5,6.6,a>b>c>e>d,0,0,0,0,0,0,0,0,0,0,1,0,0,0,0,0,0,0,1
68.0,24.5,30.4,12.4,14.3,40.0,6.9,169.1,85.7,17832.0,0.1,4.4,1046.6,436.5,0.7,16.0,10.8,3.9,83.4,28.2,12.4,42.7,46.0,6.8,6.0,a>b>d>c>e,1,0,0,0,0,0,0,0,0,0,1,0,0,0,0,0,0,0,1
71.6,28.4,24.7,8.0,17.4,24.0,7.3,132.4,102.6,19119.0,-3.2,2.6,739.9,574.6,6.1,31.9,23.1,8.3,62.0,24.5,9.5,28.0,112.2,4.3,4.7,a>b>c>e>d,0,0,0,0,0,0,0,0,0,0,1,0,0,0,0,0,0,0,1
71.3,28.0,25.0,8.2,18.2,26.6,6.7,116.5,84.6,17836.0,-3.1,0.0,643.9,573.9,6.0,31.0,21.6,8.8,63.0,25.7,9.0,28.2,95.3,3.6,4.0,a>b>c>d>e,0,0,0,0,0,0,0,0,0,0,1,0,0,0,0,0,0,0,1
71.4,28.2,22.7,8.3,17.9,26.7,4.5,131.6,105.1,17851.0,-1.7,4.1,731.8,563.1,4.4,26.8,19.9,6.5,68.7,26.3,7.2,35.2,99.5,5.1,4.9,a>c>b>e>d,0,0,0,0,0,0,0,0,0,0,1,0,0,0,0,0,0,0,1
75.2,28.5,26.2,7.8,18.0,18.9,7.5,89.1,72.2,18913.0,-2.2,-1.6,462.8,576.3,5.8,27.3,17.7,9.3,66.9,29.8,8.8,28.2,47.9,3.5,3.8,a>b>c>e>d,0,0,0,0,0,0,0,0,0,0,1,0,0,0,0,0,0,0,1
68.8,27.6,25.4,8.0,16.1,32.4,8.2,125.3,102.1,17551.0,-8.2,2.9,739.3,494.8,1.0,33.9,27.8,5.0,65.1,23.5,12.1,29.4,112.0,8.1,9.5,a>b>c>e>d,1,0,0,0,0,0,0,0,0,0,1,0,0,0,0,0,0,0,1
64.4,27.2,27.3,10.8,14.6,43.4,4.9,116.0,127.4,16377.0,-2.5,1.1,1007.5,477.4,0.2,19.4,14.9,3.4,80.4,23.4,19.9,37.1,112.8,10.8,11.7,a>b>c>e>d,1,0,0,0,0,0,0,0,0,0,1,0,0,0,0,0,0,0,1
69.2,26.8,28.2,9.3,16.3,43.3,7.2,135.4,95.3,18688.0,-1.1,-0.8,974.3,528.4,1.6,13.9,9.9,3.5,84.4,27.0,16.6,40.8,38.1,6.0,6.1,a>b>c>d>e,1,0,0,0,0,0,0,0,0,0,1,0,0,0,0,0,0,0,1
65.9,26.9,27.6,8.5,16.9,28.9,9.4,96.6,97.4,16410.0,-8.5,-2.1,1031.9,437.1,0.6,42.8,37.5,4.2,56.5,15.8,16.6,24.1,95.2,9.9,10.4,a>b>c>e>d,1,0,0,0,0,0,0,0,0,0,1,0,0,0,0,0,0,0,1
75.2,24.5,32.3,10.6,14.8,45.7,3.6,190.2,112.2,18569.0,1.6,2.6,1039.8,447.0,0.5,10.8,7.6,2.5,88.7,22.0,20.0,46.7,94.3,6.5,5.9,a>b>d>c>e,1,0,0,0,0,0,0,0,0,0,1,0,0,0,0,0,0,0,1
72.8,29.0,23.8,8.0,15.9,44.9,5.9,132.6,80.0,20211.0,0.9,2.4,770.9,536.5,3.1,15.2,7.8,6.9,81.7,27.3,16.1,38.4,72.6,6.7,6.6,a>b>c>d>e,1,0,0,0,0,0,0,0,0,0,1,0,0,0,0,0,0,0,1
63.3,28.4,22.9,8.0,15.4,37.2,7.7,86.3,93.0,17768.0,0.7,1.3,1023.8,520.3,0.5,26.7,21.2,4.5,72.8,26.3,13.5,33.1,57.9,14.8,14.5,a>b>e>c>d,1,0,0,0,0,0,0,0,0,0,1,0,0,0,0,0,0,0,1
69.5,28.7,26.3,7.8,17.0,50.5,4.6,141.9,117.5,21058.0,-2.1,7.3,1046.0,508.7,0.4,20.7,16.8,3.2,78.9,24.0,13.0,41.9,81.5,7.6,7.4,a>b>c>d>e,1,0,0,0,0,0,0,0,0,0,1,0,0,0,0,0,0,0,1
65.9,27.7,27.1,9.0,16.9,33.1,6.6,127.6,101.0,17181.0,-3.1,-5.3,731.5,480.6,1.5,25.2,18.1,5.8,73.3,29.4,14.5,29.4,187.9,8.6,10.2,a>b>c>d>e,1,0,0,0,0,0,0,0,0,0,1,0,0,0,0,0,0,0,1
66.8,28.2,24.5,8.5,16.2,40.5,8.4,121.7,89.4,17610.0,-14.1,8.9,1033.5,554.0,0.8,27.4,23.9,3.1,71.8,24.8,8.4,38.5,133.2,8.8,9.7,a>b>e>c>d,1,0,0,0,0,0,0,0,0,0,1,0,0,0,0,0,0,0,1
74.5,30.3,25.3,8.1,18.4,23.7,5.1,125.9,110.3,18517.0,1.4,-2.8,511.1,575.5,7.5,21.2,12.5,8.4,71.3,24.3,17.9,29.1,51.6,5.3,6.9,a>b>c>d>e,0,0,0,0,0,0,0,0,0,0,1,0,0,0,0,0,0,0,1
75.8,30.3,23.7,7.2,16.7,25.5,6.7,154.1,100.0,20218.0,-0.8,3.0,530.0,581.2,6.0,21.4,14.1,6.7,72.5,27.9,12.7,32.0,39.0,4.3,5.2,a>b>c>d>e,0,0,0,0,0,0,0,0,0,0,1,0,0,0,0,0,0,0,1
70.8,29.6,24.4,8.2,18.2,25.5,6.8,88.7,95.5,17658.0,-6.4,-1.3,553.8,559.4,3.5,34.3,27.7,5.8,62.2,20.6,9.8,31.8,102.5,6.3,7.3,a>b>c>e>d,0,0,0,0,0,0,0,0,0,0,1,0,0,0,0,0,0,0,1
72.0,28.8,26.4,8.7,18.1,22.6,4.6,100.5,86.9,18411.0,-17.0,-2.9,661.4,560.5,2.7,45.6,39.8,5.4,51.7,18.7,9.8,23.1,40.4,5.3,6.2,a>b>c>d>e,0,0,0,0,0,0,0,0,0,0,1,0,0,0,0,0,0,0,1
72.1,29.5,24.1,8.2,17.9,27.1,5.5,96.5,98.5,17384.0,-1.1,7.0,459.7,554.9,2.5,23.7,12.7,10.2,73.9,28.1,9.7,36.1,139.8,6.1,7.2,a>b>c>e>d,0,0,0,0,0,0,0,0,0,0,1,0,0,0,0,0,0,0,1
72.0,30.0,23.2,8.1,16.5,18.5,7.7,76.8,58.7,16979.0,-0.4,2.4,466.8,581.8,3.4,23.0,16.5,6.0,73.6,22.2,11.0,40.5,60.9,6.4,7.9,b>a>e>c>d,0,0,0,0,0,0,0,0,0,0,1,0,0,0,0,0,0,0,1
75.2,29.9,24.0,7.8,16.9,25.7,5.6,121.2,95.7,18666.0,-4.3,2.2,560.0,588.1,8.1,24.9,16.9,7.7,67.0,25.4,9.7,31.9,47.3,4.5,4.9,a>b>c>d>e,0,0,0,0,0,0,0,0,0,0,1,0,0,0,0,0,0,0,1
77.0,30.1,24.5,7.5,16.7,14.2,5.5,103.4,100.3,20302.0,0.5,2.7,421.0,581.3,11.7,21.5,11.4,9.3,66.8,27.5,13.2,26.2,55.4,4.2,4.8,a>b>c>d>e,0,0,0,0,0,0,0,0,0,0,1,0,0,0,0,0,0,0,1
77.4,29.6,26.3,7.5,18.1,35.9,5.4,149.9,100.3,21836.0,-4.5,5.8,518.7,578.0,5.1,27.2,19.6,6.9,67.8,28.3,11.9,27.6,93.2,4.6,5.7,a>b>c>d>e,0,0,0,0,0,0,0,0,0,0,1,0,0,0,0,0,0,0,1
75.8,29.9,23.4,7.9,15.9,6.9,6.2,106.2,76.0,18624.0,-1.3,0.4,378.1,592.8,3.9,28.6,18.7,9.6,67.5,30.9,7.5,29.1,84.0,5.6,6.3,a>b>c>e>d,0,0,0,0,0,0,0,0,0,0,1,0,0,0,0,0,0,0,1
74.3,25.3,32.6,8.3,14.8,40.1,6.8,236.6,85.8,22357.0,-4.7,-4.8,1138.7,455.8,0.4,21.1,17.1,3.2,78.6,19.2,28.1,31.3,68.9,6.4,5.1,a>d>b>c>e,1,0,0,0,0,0,0,0,0,0,0,0,0,0,0,0,0,1,0
75.6,26.8,27.6,7.9,18.5,31.1,5.4,140.2,93.7,20830.0,-11.0,-3.2,866.8,576.5,0.9,39.5,35.8,3.5,59.6,22.3,18.5,18.9,50.7,4.5,4.6,a>c>b>d>e,0,0,0,0,0,0,0,0,0,0,0,0,0,0,0,0,0,1,0
75.9,27.1,27.2,7.7,17.9,27.2,4.8,178.0,103.9,21667.0,-8.1,1.0,749.4,554.5,1.0,37.2,31.6,5.1,61.7,23.7,15.8,22.2,76.8,4.6,4.6,a>b>c>d>e,0,0,0,0,0,0,0,0,0,0,0,0,0,0,0,0,0,1,0
72.0,27.3,25.8,8.2,18.0,24.7,5.8,121.5,104.0,20229.0,-6.4,1.6,676.2,547.9,1.5,37.7,30.2,7.1,60.8,22.5,12.3,26.0,98.5,5.4,5.8,a>b>c>d>e,0,0,0,0,0,0,0,0,0,0,0,0,0,0,0,0,0,1,0
75.7,26.8,27.8,7.8,18.3,27.5,5.1,141.8,96.7,21827.0,-6.5,1.2,696.1,541.8,2.0,33.2,27.7,5.1,64.9,23.6,17.0,24.3,70.1,4.8,4.9,a>b>c>d>e,0,0,0,0,0,0,0,0,0,0,0,0,0,0,0,0,0,1,0
73.9,27.4,26.4,7.8,18.2,24.1,4.7,131.5,95.9,21503.0,-5.4,1.5,669.9,538.7,2.0,35.2,28.6,6.3,62.8,22.3,15.1,25.4,73.4,4.7,3.9,a>c>b>d>e,0,0,0,0,0,0,0,0,0,0,0,0,0,0,0,0,0,1,0
67.1,26.1,28.1,8.4,17.0,28.9,4.5,148.8,97.0,31020.0,-4.2,-0.3,1150.7,474.2,0.7,26.8,21.9,3.0,72.5,23.8,21.7,27.0,78.6,8.0,6.8,a>b>c>d>e,1,0,0,0,0,0,0,0,0,0,0,0,0,0,0,0,0,1,0
73.1,27.4,26.9,8.4,19.1,20.6,5.7,121.9,91.4,20289.0,-8.7,0.0,696.1,596.1,3.2,43.8,37.7,5.4,53.0,20.4,13.5,19.1,71.3,4.9,4.8,a>c>b>d>e,0,0,0,0,0,0,0,0,0,0,0,0,0,0,0,0,0,1,0
70.4,27.5,26.2,8.9,19.1,20.9,7.8,97.1,69.9,20599.0,-8.4,-0.2,853.6,613.6,3.9,40.5,34.8,5.3,55.7,28.7,7.7,19.3,38.7,4.6,4.2,a>c>b>d>e,0,0,0,0,0,0,0,0,0,0,0,0,0,0,0,0,0,1,0
68.4,27.3,26.3,8.7,19.4,20.6,5.8,96.1,80.1,18660.0,-3.9,3.3,763.7,553.5,3.7,36.7,29.3,6.7,59.6,20.3,16.0,23.3,82.0,4.4,4.9,a>b>c>d>e,0,0,0,0,0,0,0,0,0,0,0,0,0,0,0,0,0,1,0
72.1,28.0,25.1,8.3,17.8,21.9,4.1,100.8,70.8,18639.0,-4.4,3.0,809.9,566.5,3.6,37.3,31.9,5.0,59.0,20.6,8.7,29.7,97.4,4.7,4.7,a>c>b>d>e,0,0,0,0,0,0,0,0,0,0,0,0,0,0,0,0,0,1,0
70.3,27.2,25.0,8.3,17.9,21.6,5.0,87.4,76.5,19570.0,-7.6,0.3,755.2,531.8,1.6,42.3,37.1,4.4,56.0,19.2,13.6,23.2,107.5,5.5,5.6,a>b>c>d>e,0,0,0,0,0,0,0,0,0,0,0,0,0,0,0,0,0,1,0
72.0,26.9,26.1,8.5,19.1,24.9,4.9,95.8,81.0,20066.0,-7.2,-0.8,733.9,545.9,2.3,39.3,33.0,5.9,58.4,19.9,10.7,27.7,91.4,5.0,5.0,a>b>c>d>e,0,0,0,0,0,0,0,0,0,0,0,0,0,0,0,0,0,1,0
71.1,28.5,23.9,6.6,14.3,42.6,7.9,218.7,131.1,25292.0,-4.3,3.5,1272.0,550.5,1.3,21.6,16.3,4.3,77.2,24.6,17.1,35.5,81.5,6.9,5.6,a>c>b>d>e,1,0,0,0,0,0,0,0,0,0,0,0,0,0,0,0,0,1,0
71.1,25.8,30.5,9.6,14.6,39.2,5.8,254.2,98.0,19880.0,-0.7,2.8,1093.2,446.0,0.2,16.1,10.6,3.2,83.7,24.7,25.0,34.0,45.3,6.6,5.2,a>b>d>c>e,1,0,0,0,0,0,0,0,0,0,0,0,0,0,0,0,0,1,0
73.7,28.6,26.0,7.9,17.8,23.4,5.4,139.6,93.4,20309.0,-6.3,2.7,671.3,547.2,1.4,32.3,25.7,5.6,66.4,22.3,21.1,23.0,58.7,4.2,4.7,a>b>c>d>e,0,0,0,0,0,0,0,0,0,0,0,0,0,0,0,0,0,1,0
69.8,28.7,25.4,7.9,17.5,19.3,6.5,114.2,81.4,19476.0,-11.1,-1.8,738.0,564.8,1.7,46.6,40.8,5.4,51.7,20.6,10.5,20.6,71.9,4.5,4.9,a>b>c>d>e,0,0,0,0,0,0,0,0,0,0,0,0,0,0,0,0,0,1,0
75.2,25.2,33.6,11.4,13.2,49.6,3.0,202.1,98.3,21561.0,-3.2,5.3,1040.2,373.6,0.4,16.0,13.2,2.0,83.5,20.0,17.5,46.0,58.6,6.3,4.2,a>d>b>c>e,1,0,0,0,0,0,0,0,0,0,0,0,0,0,0,0,0,1,0
67.6,27.2,29.7,8.7,15.2,29.7,6.8,166.5,138.9,17613.0,-3.1,5.9,1034.3,435.8,0.4,25.3,19.8,4.3,74.3,24.4,24.3,25.5,80.0,8.6,4.6,a>b>c>d>e,1,0,0,0,0,0,0,0,0,0,0,0,0,0,0,0,0,1,0
69.9,28.6,25.4,8.5,17.9,23.9,7.8,87.2,78.5,18017.0,-4.3,1.6,631.3,536.6,2.8,34.5,27.2,6.5,62.8,19.4,9.8,33.5,89.2,5.3,5.1,a>b>c>d>e,0,0,0,0,0,0,0,0,0,0,0,0,0,0,0,0,0,1,0
75.0,28.5,26.5,7.8,17.2,26.7,5.6,141.0,96.9,20790.0,-2.5,2.3,605.1,558.9,1.4,27.5,22.0,5.2,71.1,24.4,22.2,24.5,64.2,4.6,3.9,a>b>c>d>e,0,0,0,0,0,0,0,0,0,0,0,0,0,0,0,0,0,1,0
63.8,26.6,26.6,8.7,17.0,33.4,6.3,121.1,97.8,19926.0,-4.0,0.9,882.9,443.4,0.4,27.5,23.2,3.6,72.1,25.5,17.0,29.6,116.6,9.9,8.4,a>b>c>d>e,1,0,0,0,0,0,0,0,0,0,0,0,0,0,0,0,0,1,0
72.9,27.8,25.4,8.4,18.7,21.7,6.3,105.0,91.6,19681.0,-4.0,0.1,588.9,533.4,2.1,30.3,23.3,6.6,67.6,24.5,9.6,33.4,63.0,4.8,4.6,a>c>b>d>e,0,0,0,0,0,0,0,0,0,0,0,0,0,0,0,0,0,1,0
74.3,28.1,25.2,8.0,18.8,16.4,2.8,138.1,89.1,22022.0,-8.1,-1.5,577.8,564.6,1.6,47.8,42.1,5.4,50.6,19.5,9.6,21.6,77.4,4.4,4.4,a>c>b>d>e,0,0,0,0,0,0,0,0,0,0,0,0,0,0,0,0,0,1,0
70.4,27.1,26.2,8.6,18.8,17.7,7.0,88.7,83.2,20776.0,-8.9,3.2,752.4,526.2,2.0,39.2,32.8,6.0,58.8,25.1,9.3,24.5,49.2,4.8,4.7,a>c>b>d>e,0,0,0,0,0,0,0,0,0,0,0,0,0,0,0,0,0,1,0
74.1,25.4,32.4,10.9,15.0,43.8,6.0,214.5,86.8,17948.0,-0.3,1.6,949.5,369.6,0.4,13.3,10.1,2.7,86.2,25.0,16.1,45.1,57.5,6.9,3.1,d>a>b>c>e,1,0,0,0,0,0,0,0,0,0,0,0,0,0,0,0,0,1,0
74.7,28.1,25.3,8.0,18.5,27.4,3.5,146.5,94.4,20072.0,-2.8,1.0,639.4,524.9,5.1,28.6,21.1,7.1,66.3,28.0,11.2,27.0,48.4,4.3,3.1,a>b>c>d>e,0,0,0,0,0,0,0,0,0,0,0,0,0,0,0,0,0,1,0
72.6,28.3,25.8,8.1,18.7,19.7,6.2,126.2,92.2,18989.0,-4.8,3.5,615.3,522.1,4.5,35.2,27.4,7.2,60.3,21.7,10.9,27.7,73.9,3.9,3.5,a>b>c>d>e,0,0,0,0,0,0,0,0,0,0,0,0,0,0,0,0,0,1,0
68.9,27.6,25.7,8.5,18.5,23.9,4.8,116.1,82.9,19670.0,-6.7,0.6,802.7,543.5,3.2,33.4,26.9,6.0,63.4,25.9,11.5,26.1,74.1,4.8,4.2,a>b>c>d>e,0,0,0,0,0,0,0,0,0,0,0,0,0,0,0,0,0,1,0
70.7,26.8,25.4,8.4,19.1,22.8,5.1,102.3,93.0,20822.0,-9.1,2.5,756.0,563.5,2.2,44.3,37.7,6.1,53.5,19.8,9.8,24.0,63.4,4.9,4.9,a>c>b>d>e,0,0,0,0,0,0,0,0,0,0,0,0,0,0,0,0,0,1,0
69.6,27.3,24.8,8.4,17.8,22.5,5.1,118.7,85.0,21735.0,-6.4,3.1,805.7,539.2,1.8,35.6,30.2,4.9,62.6,21.3,14.8,26.5,85.6,5.7,5.8,a>c>b>d>e,0,0,0,0,0,0,0,0,0,0,0,0,0,0,0,0,0,1,0
70.2,26.3,26.1,8.6,19.6,19.7,5.8,104.3,81.2,22105.0,-10.3,2.8,798.7,535.1,1.3,51.8,45.8,5.3,47.0,18.3,8.3,20.4,58.6,5.0,4.4,a>c>b>d>e,0,0,0,0,0,0,0,0,0,0,0,0,0,0,0,0,0,1,0
70.9,27.2,26.6,9.2,16.7,25.8,5.1,155.5,96.3,19092.0,-4.3,2.1,696.2,488.2,2.2,25.1,20.1,4.4,72.6,26.3,14.1,32.2,56.3,5.3,4.6,a>c>b>d>e,0,0,0,0,0,0,0,0,0,0,0,0,0,0,0,0,0,1,0
68.1,27.9,26.1,8.0,18.2,22.5,6.2,109.2,75.2,19564.0,-4.9,1.7,685.9,517.3,2.2,33.3,26.7,5.5,64.5,25.2,11.6,27.7,70.8,4.8,3.9,a>b>c>d>e,0,0,0,0,0,0,0,0,0,0,0,0,0,0,0,0,0,1,0
68.4,27.4,25.2,8.3,18.9,18.3,5.5,102.9,73.4,18831.0,-3.0,3.7,655.8,535.6,3.1,32.3,24.3,7.0,64.6,26.0,10.5,28.2,40.8,4.4,3.2,a>c>b>d>e,0,0,0,0,0,0,0,0,0,0,0,0,0,0,0,0,0,1,0
73.5,27.1,26.6,8.4,18.2,27.2,4.9,169.8,95.0,20787.0,-6.4,4.0,751.0,542.6,1.9,36.7,30.8,5.5,61.4,21.6,13.5,26.3,49.6,4.9,4.8,a>c>b>d>e,0,0,0,0,0,0,0,0,0,0,0,0,0,0,0,0,0,1,0
77.5,27.7,28.4,10.7,17.6,36.6,5.6,159.7,79.4,19312.0,-2.3,2.5,629.3,485.6,1.1,23.0,17.8,4.6,75.9,19.7,11.9,44.3,66.5,4.5,3.6,a>d>b>c>e,0,0,0,0,0,0,0,0,0,0,0,0,0,0,0,0,0,1,0
69.8,28.0,24.9,8.4,18.0,19.0,4.0,103.5,89.0,21489.0,-6.3,-0.2,710.4,573.7,1.8,41.1,34.4,6.1,57.0,23.7,9.8,23.6,56.2,5.7,5.6,a>c>b>d>e,0,0,0,0,0,0,0,0,0,0,0,0,0,0,0,0,0,1,0
72.4,25.4,30.7,9.3,16.0,38.0,4.9,173.9,92.6,21886.0,-6.1,-1.7,1316.9,469.0,0.4,22.5,19.1,2.6,77.1,27.0,18.6,31.5,49.1,5.8,5.5,a>b>d>c>e,1,0,0,0,0,0,0,0,0,0,0,0,0,0,0,0,0,1,0
74.7,26.8,26.5,8.6,19.9,18.1,4.6,98.2,80.5,19668.0,-7.9,5.2,572.8,552.1,4.2,38.9,30.7,7.8,56.9,22.5,10.2,24.3,31.9,3.9,4.4,a>c>b>d>e,0,0,0,0,0,0,0,0,0,0,0,0,0,0,0,0,0,1,0
72.2,26.5,26.8,8.9,20.1,21.0,4.4,99.1,81.9,19499.0,-8.2,2.8,763.6,577.6,3.4,43.1,35.9,6.2,53.5,18.4,9.4,25.7,36.6,3.6,3.7,a>c>b>d>e,0,0,0,0,0,0,0,0,0,0,0,0,0,0,0,0,0,1,0
73.7,27.3,26.1,8.1,17.8,26.5,6.0,153.6,87.1,20780.0,-8.0,1.5,799.6,546.6,3.3,37.0,31.7,4.8,59.7,22.0,12.7,25.0,48.1,4.1,3.8,a>c>b>d>e,0,0,0,0,0,0,0,0,0,0,0,0,0,0,0,0,0,1,0
71.8,26.7,26.9,8.7,19.2,23.3,5.3,118.9,93.4,19891.0,-4.2,4.2,775.3,527.5,3.4,30.7,24.4,5.7,65.9,23.1,13.9,29.0,25.6,3.8,3.9,a>c>b>d>e,0,0,0,0,0,0,0,0,0,0,0,0,0,0,0,0,0,1,0
70.0,26.9,25.9,8.8,19.5,22.2,6.7,93.7,89.2,18664.0,-5.9,2.6,756.4,538.1,3.6,33.4,26.2,6.8,62.9,21.5,8.4,33.0,66.4,5.1,5.0,a>c>b>d>e,0,0,0,0,0,0,0,0,0,0,0,0,0,0,0,0,0,1,0
63.6,25.5,29.7,8.5,17.2,26.1,8.5,112.2,93.0,18871.0,-5.4,-10.0,1226.9,642.8,0.6,44.0,41.0,2.6,55.4,19.0,13.9,22.4,121.6,4.8,5.3,a>b>c>d>e,1,1,0,0,0,0,0,0,0,0,0,0,0,0,0,0,0,1,0
73.4,24.2,34.5,8.6,14.8,31.7,7.8,384.8,152.3,23550.0,-1.8,-3.1,1038.4,464.6,0.2,16.9,13.6,2.7,82.8,21.3,30.1,31.4,63.7,6.0,4.9,a>b>c>d>e,1,1,0,0,0,0,0,0,0,0,0,0,0,0,0,0,0,1,0
65.3,27.0,28.5,8.5,16.2,30.0,6.3,209.0,126.4,20401.0,-1.2,2.0,1106.8,492.3,0.7,21.6,16.6,4.3,77.7,24.4,19.8,33.5,45.0,6.4,5.3,a>b>c>d>e,1,1,0,0,0,0,0,0,0,0,0,0,0,0,0,0,0,1,0
67.8,28.2,25.3,7.9,17.9,19.9,3.5,99.9,98.3,19272.0,-5.6,4.7,821.1,540.2,3.2,42.6,32.6,7.6,54.2,18.4,11.5,24.2,51.4,4.7,5.0,a>b>c>d>e,0,1,0,0,0,0,0,0,0,0,0,0,0,0,0,0,0,1,0
68.2,26.7,25.8,8.2,16.2,22.9,6.2,126.6,109.7,18626.0,-2.2,6.6,752.1,531.5,4.0,22.4,15.0,6.6,73.6,29.4,10.4,33.7,51.1,4.2,2.6,a>c>b>d>e,0,1,0,0,0,0,0,0,0,0,0,0,0,0,0,0,0,1,0
73.1,27.4,26.1,7.7,18.2,27.7,2.9,184.5,140.4,21775.0,-3.8,0.1,649.7,551.2,4.4,26.7,18.9,7.5,68.9,27.5,13.3,28.1,66.6,3.7,2.3,a>c>b>d>e,0,1,0,0,0,0,0,0,0,0,0,0,0,0,0,0,0,1,0
75.1,27.8,28.1,7.9,18.8,23.4,5.1,152.8,137.9,20823.0,-1.8,-0.5,533.3,522.3,3.4,24.8,16.4,7.7,71.9,26.7,16.6,28.6,60.8,3.2,3.3,a>c>b>d>e,0,1,0,0,0,0,0,0,0,0,0,0,0,0,0,0,0,1,0
77.7,27.0,27.5,7.3,19.6,27.3,3.4,220.3,131.7,22434.0,-3.0,4.0,584.9,527.0,4.2,21.5,15.6,5.7,74.3,33.0,15.4,25.9,59.8,3.0,2.6,a>c>b>d>e,0,1,0,0,0,0,0,0,0,0,0,0,0,0,0,0,0,1,0
75.3,26.7,27.3,9.2,19.8,16.4,3.6,95.1,84.5,18639.0,-0.5,5.9,542.1,533.9,5.3,30.1,20.6,8.2,64.6,23.5,13.1,28.0,81.4,2.2,2.8,a>b>c>d>e,0,1,0,0,0,0,0,0,0,0,0,0,0,0,0,0,0,1,0
73.3,27.3,28.9,8.1,20.1,18.1,4.1,142.8,137.5,19789.0,1.6,2.7,565.0,555.9,6.5,20.5,12.0,7.7,73.1,28.5,14.0,30.6,51.6,2.8,2.7,a>c>b>d>e,0,1,0,0,0,0,0,0,0,0,0,0,0,0,0,0,0,1,0
73.8,26.3,30.6,9.0,18.9,22.5,4.5,327.7,129.7,19492.0,-5.4,-3.0,921.2,535.7,2.7,19.0,14.4,4.2,78.3,45.6,14.0,18.7,58.0,3.3,3.3,a>c>d>b>e,0,1,0,0,0,0,0,0,0,0,0,0,0,0,0,0,0,1,0
77.2,27.6,26.8,7.3,17.8,34.3,4.7,187.4,122.8,21412.0,0.1,4.8,515.0,508.3,2.0,22.0,13.5,8.3,75.9,27.1,18.3,30.6,60.3,3.8,3.6,a>b>c>d>e,0,1,0,0,0,0,0,0,0,0,0,0,0,0,0,0,0,1,0
72.1,26.8,25.4,7.5,16.4,30.5,3.0,175.6,105.2,19869.0,1.0,0.9,760.9,512.1,3.1,14.2,7.9,6.0,82.7,34.0,10.4,38.3,37.4,4.4,3.3,a>c>b>d>e,0,1,0,0,0,0,0,0,0,0,0,0,0,0,0,0,0,1,0
74.9,28.1,26.5,7.6,19.9,22.1,7.4,194.9,126.5,20307.0,-2.6,2.6,657.9,563.2,4.3,26.0,19.5,6.3,69.7,22.8,11.3,35.6,75.2,3.7,3.9,a>c>d>b>e,0,1,0,0,0,0,0,0,0,0,0,0,0,0,0,0,0,1,0
73.8,27.3,26.1,7.4,17.4,18.9,6.2,193.1,157.7,23340.0,-2.1,2.7,747.7,575.0,4.7,24.5,17.7,6.6,70.9,30.5,12.9,27.5,42.1,3.9,2.9,a>c>b>d>e,0,1,0,0,0,0,0,0,0,0,0,0,0,0,0,0,0,1,0
67.2,27.8,25.9,8.1,18.5,19.1,6.6,150.6,112.9,19240.0,-4.0,-1.8,673.7,537.4,5.8,34.3,26.0,7.9,59.9,23.3,9.3,27.3,52.3,5.1,4.6,a>c>b>d>e,0,1,0,0,0,0,0,0,0,0,0,0,0,0,0,0,0,1,0
79.1,26.6,27.9,7.3,18.0,40.7,3.0,298.5,172.9,25924.0,-1.5,-0.5,1158.0,767.6,0.9,21.8,17.1,4.4,77.3,25.3,27.7,24.4,69.7,3.5,2.7,a>c>b>d>e,0,1,0,0,0,0,0,0,0,0,0,0,0,0,0,0,0,1,0
70.1,27.5,26.9,8.3,19.2,20.0,4.7,90.3,92.9,18657.0,-2.3,3.9,678.4,566.8,5.3,33.9,22.1,11.3,60.8,22.0,9.2,29.6,83.8,2.8,3.0,a>c>b>d>e,0,1,0,0,0,0,0,0,0,0,0,0,0,0,0,0,0,1,0
71.6,28.1,27.6,8.2,19.0,16.1,8.1,131.0,116.8,20235.0,-1.9,3.8,606.0,564.3,5.5,32.1,23.7,7.6,62.4,25.2,10.7,26.6,135.2,2.8,3.0,a>c>b>d>e,0,1,0,0,0,0,0,0,0,0,0,0,0,0,0,0,0,1,0
72.9,27.9,26.0,7.9,18.7,18.2,5.5,158.9,137.3,23077.0,-1.6,3.6,631.2,548.5,4.8,27.3,19.7,7.2,67.9,27.1,11.1,29.6,49.6,3.6,3.4,a>c>b>d>e,0,1,0,0,0,0,0,0,0,0,0,0,0,0,0,0,0,1,0
80.0,27.7,25.3,6.6,18.2,39.2,4.1,265.6,148.9,29104.0,-0.3,-0.1,748.3,583.8,1.9,23.3,17.7,5.6,74.8,22.1,20.4,32.3,75.3,3.2,2.4,a>c>d>b>e,0,1,0,0,0,0,0,0,0,0,0,0,0,0,0,0,0,1,0
70.3,27.8,24.9,7.8,17.8,21.7,5.8,125.6,114.9,19275.0,-4.9,4.9,774.9,557.3,4.9,33.0,25.0,7.7,62.1,25.3,10.9,26.0,58.2,4.1,3.0,a>c>b>d>e,0,1,0,0,0,0,0,0,0,0,0,0,0,0,0,0,0,1,0
74.0,27.7,25.3,7.9,19.0,21.6,5.4,134.1,102.7,20008.0,-4.8,0.1,718.8,547.2,4.6,36.2,29.0,6.8,59.2,22.0,10.5,26.7,95.1,3.5,3.5,a>c>b>d>e,0,1,0,0,0,0,0,0,0,0,0,0,0,0,0,0,0,1,0
66.7,26.8,27.6,8.3,15.3,29.1,2.7,115.3,98.0,20406.0,-2.2,-1.8,1142.3,496.3,0.5,17.1,13.0,2.7,82.4,21.4,17.9,43.0,45.5,6.0,6.4,a>c>b>d>e,1,1,0,0,0,0,0,0,0,0,0,0,0,0,0,0,0,1,0
65.5,27.5,26.9,10.6,13.2,31.4,5.2,143.7,136.6,18019.0,-3.8,5.3,1379.8,487.5,0.5,21.7,15.9,5.2,77.9,26.6,15.3,35.9,60.3,7.7,6.3,a>b>c>d>e,1,1,0,0,0,0,0,0,0,0,0,0,0,0,0,0,0,1,0
60.1,28.8,26.7,8.2,14.7,29.5,7.6,114.3,110.4,19514.0,-3.4,4.7,1204.8,511.8,1.0,21.6,18.1,3.1,77.5,30.4,14.4,32.7,117.2,7.2,6.5,a>b>c>e>d,1,1,0,0,0,0,0,0,0,0,0,0,0,0,0,0,0,1,0
62.2,28.7,26.6,8.4,17.5,20.3,5.6,113.1,109.1,18049.0,-2.1,3.7,822.0,552.7,4.8,31.8,19.8,11.6,63.4,23.9,10.6,28.9,62.4,5.2,5.0,a>c>b>e>d,0,1,0,0,0,0,0,0,0,0,0,0,0,0,0,0,0,1,0
60.0,29.2,25.3,8.3,17.8,20.6,5.4,98.1,91.7,16873.0,-1.6,3.3,634.6,543.6,7.0,31.4,21.2,10.0,61.7,24.4,7.2,30.1,38.6,5.2,4.4,a>b>c>e>d,0,1,0,0,0,0,0,0,0,0,0,0,0,0,0,0,0,1,0
68.3,27.4,27.1,8.4,19.4,17.8,6.7,119.9,98.3,18980.0,-3.1,5.0,659.5,566.1,5.8,33.8,25.1,8.3,60.4,23.4,11.3,25.7,46.2,4.1,4.4,a>b>c>d>e,0,1,0,0,0,0,0,0,0,0,0,0,0,0,0,0,0,1,0
71.1,28.3,27.2,8.1,19.4,9.5,5.9,137.0,117.0,19078.0,-3.8,4.1,594.4,580.1,7.1,37.4,26.3,9.0,55.5,22.6,13.3,19.6,62.2,3.3,3.6,a>c>b>d>e,0,1,0,0,0,0,0,0,0,0,0,0,0,0,0,0,0,1,0
63.0,28.4,26.0,8.1,17.7,15.6,4.7,94.3,114.1,18301.0,-3.1,3.0,625.5,558.5,6.0,32.7,24.1,8.0,61.3,27.7,8.2,25.4,38.5,5.4,5.5,a>c>b>e>d,0,1,0,0,0,0,0,0,0,0,0,0,0,0,0,0,0,1,0
60.4,29.3,25.5,8.4,16.8,15.9,7.4,125.2,86.9,16770.0,-3.2,2.5,672.7,532.2,6.0,33.5,24.8,8.3,60.6,23.0,10.8,26.7,35.5,5.0,4.2,a>b>c>e>d,0,1,0,0,0,0,0,0,0,0,0,0,0,0,0,0,0,1,0
63.9,27.7,25.3,8.1,18.4,17.7,7.4,87.4,110.3,18343.0,-0.5,2.5,698.5,576.4,7.9,33.2,20.1,12.7,58.9,23.9,9.8,25.2,9.1,4.3,5.0,a>c>b>d>e,0,1,0,0,0,0,0,0,0,0,0,0,0,0,0,0,0,1,0
71.3,28.5,26.5,8.2,19.0,19.3,5.9,74.7,103.9,17593.0,-1.8,6.6,516.9,570.6,11.1,35.4,25.5,9.7,53.5,19.1,7.2,27.2,46.7,3.8,3.6,a>c>b>e>d,0,1,0,0,0,0,0,0,0,0,0,0,0,0,0,0,0,1,0
65.2,28.5,26.3,8.5,18.3,21.3,3.7,77.7,86.0,18926.0,-5.1,-11.7,1002.2,588.8,7.2,52.4,47.3,5.0,40.4,18.0,8.3,14.0,28.6,3.9,4.3,a>b>c>e>d,0,1,0,0,0,0,0,0,0,0,0,0,0,0,0,0,0,1,0
64.3,27.7,26.2,8.5,15.6,31.6,7.0,123.3,81.5,18948.0,-6.3,6.2,1119.2,502.0,0.6,33.6,29.8,3.6,65.8,19.9,11.9,34.0,173.7,9.0,8.5,a>b>c>d>e,1,1,0,0,0,0,0,0,0,0,0,0,0,0,0,0,0,1,0
67.7,25.3,32.1,9.3,14.3,36.6,5.6,361.2,91.9,19110.0,-7.4,1.6,1471.9,528.9,0.2,26.7,23.2,2.6,73.1,22.9,16.9,33.2,78.9,7.2,5.2,a>b>d>c>e,1,1,0,0,0,0,0,0,0,0,0,0,0,0,0,0,0,1,0
66.2,27.2,25.8,8.3,16.4,29.2,4.4,77.6,77.6,18251.0,-3.9,1.6,1351.8,538.9,0.5,18.3,14.3,3.4,81.2,34.9,14.7,31.5,97.4,8.5,9.8,a>b>c>e>d,1,1,0,0,0,0,0,0,0,0,0,0,0,0,0,0,0,1,0
72.0,28.4,25.1,8.8,18.0,7.7,6.1,476.5,73.6,17113.0,-2.0,1.1,530.1,562.5,6.2,35.5,25.3,8.6,58.2,21.4,8.1,28.8,81.6,4.9,4.9,a>b>c>e>d,0,1,0,0,0,0,0,0,0,0,0,0,0,0,0,0,0,1,0
64.6,28.7,25.9,8.5,17.5,16.1,5.0,89.5,100.6,17272.0,-3.0,2.0,765.7,576.6,6.3,38.1,28.0,9.9,55.6,22.5,8.6,24.5,36.3,4.8,4.2,a>b>c>e>d,0,1,0,0,0,0,0,0,0,0,0,0,0,0,0,0,0,1,0
73.7,27.8,26.5,8.7,19.2,24.9,4.7,101.6,89.5,18691.0,-1.7,8.8,675.4,553.8,5.3,35.8,22.6,12.6,59.0,22.8,11.1,25.0,35.8,3.3,3.3,a>b>c>d>e,0,1,0,0,0,0,0,0,0,0,0,0,0,0,0,0,0,1,0
73.9,28.2,25.8,8.6,18.4,15.7,7.3,117.9,75.7,17023.0,-5.5,2.9,539.3,569.7,6.8,41.1,33.7,7.2,52.1,17.3,8.4,26.5,49.9,5.2,5.6,a>b>c>e>d,0,1,0,0,0,0,0,0,0,0,0,0,0,0,0,0,0,1,0
72.2,29.4,26.7,8.2,18.7,10.9,4.9,104.9,97.5,18891.0,-5.5,4.7,457.4,574.9,6.0,32.5,23.8,8.5,61.6,26.7,11.4,23.5,40.1,3.6,3.8,a>b>c>d>e,0,1,0,0,0,0,0,0,0,0,0,0,0,0,0,0,0,1,0
68.5,28.2,26.1,8.4,17.8,22.3,4.8,80.8,94.3,17637.0,-3.7,0.8,719.2,574.6,4.8,36.1,30.0,5.6,59.0,22.8,9.8,26.4,112.6,4.9,5.3,a>b>c>e>d,0,1,0,0,0,0,0,0,0,0,0,0,0,0,0,0,0,1,0
73.0,28.4,24.6,8.2,17.5,14.3,4.4,87.3,95.8,17433.0,-4.5,4.7,639.9,567.2,6.9,40.0,29.7,9.9,53.1,20.3,9.1,23.7,59.7,5.8,4.7,a>b>c>e>d,0,1,0,0,0,0,0,0,0,0,0,0,0,0,0,0,0,1,0
69.3,25.8,28.3,9.5,14.7,47.5,4.4,295.5,133.6,18474.0,-3.5,2.9,1427.1,492.3,0.5,29.2,25.3,3.0,70.3,23.3,14.2,32.9,110.5,6.6,6.4,a>b>d>c>e,1,1,0,0,0,0,0,0,0,0,0,0,0,0,0,0,0,1,0
67.0,26.3,27.1,12.2,13.8,33.5,6.0,182.0,96.7,19210.0,-3.0,1.5,1183.3,475.5,0.5,20.6,15.3,4.1,78.9,20.4,15.4,43.1,104.4,7.5,5.8,a>b>c>d>e,1,1,0,0,0,0,0,0,0,0,0,0,0,0,0,0,0,1,0
68.6,28.1,25.0,8.5,15.1,32.8,7.8,158.9,83.0,21240.0,-3.0,-0.6,1490.1,529.0,0.3,26.6,23.7,2.3,73.1,18.2,26.1,28.9,83.9,7.5,6.7,a>b>c>d>e,1,1,0,0,0,0,0,0,0,0,0,0,0,0,0,0,0,1,0
66.9,28.2,24.4,8.1,15.2,28.2,9.1,169.2,93.2,17766.0,-2.3,0.3,1119.4,473.1,0.5,21.2,17.7,3.1,78.3,26.6,17.6,34.2,157.3,7.8,5.8,a>b>c>e>d,1,1,0,0,0,0,0,0,0,0,0,0,0,0,0,0,0,1,0
74.9,28.3,27.1,8.6,18.9,0.0,5.7,104.1,96.7,18494.0,-0.8,-1.6,483.1,580.2,6.1,33.9,24.2,9.5,59.9,28.3,9.9,21.8,86.2,4.0,3.9,a>b>c>d>e,0,1,0,0,0,0,0,0,0,0,0,0,0,0,0,0,0,1,0
73.6,28.8,25.5,7.9,17.6,12.3,2.8,109.0,85.4,17812.0,-4.4,1.7,494.5,577.9,7.7,33.7,24.3,9.2,58.6,26.3,9.2,23.1,62.2,4.7,4.0,a>b>c>d>e,0,1,0,0,0,0,0,0,0,0,0,0,0,0,0,0,0,1,0
72.2,29.0,24.5,8.1,17.1,13.5,7.0,81.7,89.7,21705.0,-5.7,-0.2,609.1,562.2,3.5,48.7,41.9,6.5,47.8,21.9,6.9,19.0,118.3,6.0,6.5,a>b>c>d>e,0,1,0,0,0,0,0,0,0,0,0,0,0,0,0,0,0,1,0
75.3,29.0,25.6,8.5,18.5,23.2,2.4,125.6,95.8,19308.0,-2.6,3.4,507.4,584.1,6.7,30.4,23.1,7.0,62.8,24.0,10.7,28.1,49.8,4.2,4.8,a>b>c>d>e,0,1,0,0,0,0,0,0,0,0,0,0,0,0,0,0,0,1,0
71.7,28.7,23.3,7.3,16.2,15.5,4.7,108.0,77.8,18326.0,-3.4,7.0,680.4,553.0,3.9,41.7,34.2,6.9,54.4,24.0,7.5,23.0,104.9,6.1,5.7,a>b>c>e>d,0,1,0,0,0,0,0,0,0,0,0,0,0,0,0,0,0,1,0
71.3,29.4,24.9,7.5,15.8,21.9,5.7,87.0,66.0,20524.0,-5.8,-5.5,747.7,568.5,3.2,45.6,39.8,5.4,51.2,18.1,11.0,22.0,103.5,5.9,5.6,a>b>c>e>d,0,1,0,0,0,0,0,0,0,0,0,0,0,0,0,0,0,1,0
73.0,29.2,25.0,7.5,16.4,20.5,5.8,124.1,96.6,18794.0,-2.4,3.3,732.8,576.7,3.9,36.3,27.8,7.7,59.8,22.6,10.1,27.0,112.0,6.1,6.6,a>b>c>d>e,0,1,0,0,0,0,0,0,0,0,0,0,0,0,0,0,0,1,0
72.2,28.6,25.5,8.0,16.8,17.9,5.8,93.4,79.5,17893.0,-3.3,-0.7,789.1,556.4,3.7,32.1,26.1,5.8,64.2,28.8,9.8,25.7,99.5,5.6,5.1,a>b>c>d>e,0,1,0,0,0,0,0,0,0,0,0,0,0,0,0,0,0,1,0
68.8,29.2,22.8,7.2,15.2,26.9,7.2,88.8,74.4,18704.0,-5.2,-0.5,758.4,550.6,2.3,37.9,32.7,4.5,59.8,21.6,10.3,27.9,79.7,7.7,6.0,a>b>c>e>d,0,1,0,0,0,0,0,0,0,0,0,0,0,0,0,0,0,1,0
64.8,27.1,25.5,8.8,16.4,32.9,4.8,107.8,92.6,18243.0,-2.4,0.4,1272.4,515.8,1.4,20.5,18.1,2.2,78.0,24.7,15.4,37.9,60.9,6.9,7.9,a>b>c>d>e,1,1,0,0,0,0,0,0,0,0,0,0,0,0,0,0,0,1,0
75.8,25.2,30.4,9.4,15.9,40.2,4.4,211.3,77.7,19680.0,-6.5,10.1,1311.1,470.6,0.4,34.0,31.3,2.2,65.6,14.3,16.9,34.3,44.7,4.4,4.1,a>b>d>c>e,1,1,0,0,0,0,0,0,0,0,0,0,0,0,0,0,0,1,0
67.4,27.7,28.3,8.3,16.7,23.2,9.0,176.6,128.1,21356.0,-4.8,-0.9,737.4,463.8,0.8,25.8,21.3,4.1,73.4,26.1,18.9,28.4,146.9,8.0,8.2,a>b>c>d>e,1,1,0,0,0,0,0,0,0,0,0,0,0,0,0,0,0,1,0
69.3,26.4,29.6,8.4,14.8,27.8,9.7,302.8,111.3,18975.0,-3.1,2.2,1104.7,431.4,0.5,19.4,15.5,3.0,80.1,24.8,26.4,28.8,101.6,8.7,8.5,a>b>d>c>e,1,1,0,0,0,0,0,0,0,0,0,0,0,0,0,0,0,1,0
71.0,27.7,26.1,7.6,17.4,26.4,8.0,189.7,100.9,20712.0,-3.8,-9.2,754.9,568.0,1.2,29.1,23.3,5.4,69.6,27.1,13.3,29.2,47.1,5.3,5.4,a>b>c>d>e,1,1,0,0,0,0,0,0,0,0,0,0,0,0,0,0,0,1,0
71.6,27.6,25.6,8.7,19.0,18.3,7.5,87.6,79.8,18283.0,-3.5,6.5,632.9,568.1,6.6,39.8,30.6,8.9,53.6,21.5,7.7,24.4,60.8,3.9,4.7,a>b>c>d>e,0,1,0,0,0,0,0,0,0,0,0,0,0,0,0,0,0,1,0
77.3,29.5,25.8,8.1,18.4,36.1,5.0,183.8,89.7,24683.0,-5.7,-4.3,624.9,590.1,2.5,42.9,38.1,4.6,54.7,22.6,11.0,21.1,53.8,2.9,3.1,a>b>c>d>e,0,1,0,0,0,0,0,0,0,0,0,0,0,0,0,0,0,1,0
76.8,30.0,25.4,7.3,16.8,36.3,4.8,131.3,113.7,20750.0,-0.9,11.7,423.4,568.3,2.6,31.6,23.3,8.0,65.8,24.5,14.5,26.8,91.3,3.9,4.4,a>b>c>d>e,0,1,0,0,0,0,0,0,0,0,0,0,0,0,0,0,0,1,0
76.3,29.0,25.1,7.5,17.1,24.5,8.9,137.7,100.3,22145.0,-5.5,5.9,620.5,561.1,2.5,34.5,28.6,5.6,63.0,23.4,12.3,27.3,58.0,3.6,3.9,a>b>c>d>e,0,1,0,0,0,0,0,0,0,0,0,0,0,0,0,0,0,1,0
71.7,28.3,25.0,8.5,18.6,21.0,4.9,94.8,84.1,18321.0,-1.9,3.6,646.1,565.7,8.1,30.0,22.5,7.1,62.0,23.2,12.7,26.1,50.3,3.7,4.6,a>b>c>d>e,0,1,0,0,0,0,0,0,0,0,0,0,0,0,0,0,0,1,0
75.7,28.4,25.7,8.2,18.4,18.3,4.7,190.3,109.7,19640.0,-1.6,2.9,593.2,579.8,4.5,31.6,22.7,8.7,63.9,24.1,10.1,29.7,80.6,3.5,3.6,a>b>c>d>e,0,1,0,0,0,0,0,0,0,0,0,0,0,0,0,0,0,1,0
70.7,28.3,24.1,8.5,18.4,18.8,6.4,89.0,117.0,18223.0,-3.9,2.9,693.3,556.2,5.7,32.7,25.8,5.7,61.6,22.0,9.6,30.0,102.0,5.1,5.1,a>b>c>d>e,0,1,0,0,0,0,0,0,0,0,0,0,0,0,0,0,0,1,0
67.5,27.3,27.9,8.2,16.3,35.1,4.2,179.9,130.3,20639.0,-3.6,-7.5,1316.8,547.1,0.3,22.5,18.3,3.8,77.2,31.4,17.3,28.6,71.5,7.1,7.5,a>b>c>d>e,1,1,0,0,0,0,0,0,0,0,0,0,0,0,0,0,0,1,0
64.0,26.7,24.7,9.0,15.3,33.6,4.6,133.6,124.9,17233.0,-9.4,-1.3,1837.5,465.6,0.2,42.7,38.6,3.2,57.1,18.3,13.6,25.2,104.0,8.4,7.5,a>b>e>c>d,1,1,0,0,0,0,0,0,0,0,0,0,0,0,0,0,0,1,0
71.0,24.7,30.9,13.1,11.9,37.6,6.9,202.4,86.9,19058.0,-0.8,4.2,1163.6,419.4,0.5,13.7,10.6,2.5,85.8,24.7,17.5,43.6,72.3,5.8,3.7,a>b>d>c>e,1,1,0,0,0,0,0,0,0,0,0,0,0,0,0,0,0,1,0
75.6,29.1,25.5,8.1,17.9,18.0,6.8,144.2,113.5,20349.0,-6.6,0.4,601.2,584.5,2.0,37.0,28.1,8.5,61.0,28.9,13.8,18.4,71.1,3.7,4.2,a>b>c>d>e,0,1,0,0,0,0,0,0,0,0,0,0,0,0,0,0,0,1,0
73.5,28.6,23.7,8.0,17.1,23.4,3.3,89.3,69.5,17922.0,1.4,1.3,732.8,575.0,3.9,24.6,14.9,9.4,71.6,23.7,8.9,39.0,58.8,5.1,4.6,a>b>c>e>d,0,1,0,0,0,0,0,0,0,0,0,0,0,0,0,0,0,1,0
73.6,28.4,25.0,8.4,18.1,20.1,3.7,92.9,70.0,17869.0,-2.3,1.6,733.2,555.2,4.9,34.5,27.1,6.9,60.5,21.5,8.8,30.3,42.7,4.6,4.9,a>c>b>d>e,0,1,0,0,0,0,0,0,0,0,0,0,0,0,0,0,0,1,0
74.4,29.3,25.1,8.6,18.1,18.6,6.7,94.7,77.5,17367.0,-4.6,-1.7,665.1,577.8,5.4,39.9,32.7,7.0,54.7,20.4,10.1,24.2,87.8,4.5,5.3,a>b>c>e>d,0,1,0,0,0,0,0,0,0,0,0,0,0,0,0,0,0,1,0
72.8,27.9,26.2,8.6,18.1,28.8,3.3,129.6,97.3,19254.0,-3.8,4.4,736.7,571.2,7.3,29.4,24.0,4.9,63.3,26.5,8.2,28.7,91.8,3.9,3.7,a>b>c>d>e,0,1,0,0,0,0,0,0,0,0,0,0,0,0,0,0,0,1,0
73.3,27.8,25.7,8.3,18.7,19.7,6.4,117.0,116.8,19278.0,-3.6,-4.1,651.3,556.7,2.3,39.4,32.0,7.1,58.3,24.7,11.8,21.8,58.4,4.6,4.9,a>b>c>d>e,0,1,0,0,0,0,0,0,0,0,0,0,0,0,0,0,0,1,0
74.8,29.0,24.8,8.2,17.4,21.6,3.7,97.6,84.5,18688.0,-9.2,0.1,726.2,575.0,3.4,45.7,38.2,7.1,50.9,19.4,8.1,23.4,58.0,3.4,4.6,a>b>c>d>e,0,1,0,0,0,0,0,0,0,0,0,0,0,0,0,0,0,1,0
77.0,29.1,24.4,8.4,17.9,0.0,8.2,86.0,73.7,18220.0,1.0,6.9,439.8,574.8,6.7,24.2,13.8,8.2,69.1,29.4,10.9,28.8,35.4,3.6,4.3,a>b>c>e>d,0,1,0,0,0,0,0,0,0,0,0,0,0,0,0,0,0,1,0
78.7,29.5,25.7,8.4,17.8,12.1,2.9,127.0,85.4,18569.0,-2.1,-1.4,489.1,570.6,5.5,26.1,18.5,7.4,68.4,29.3,14.1,25.0,69.9,3.3,3.2,a>b>c>d>e,0,1,0,0,0,0,0,0,0,0,0,0,0,0,0,0,0,1,0
65.7,25.8,28.6,9.4,15.5,30.7,6.5,167.4,116.6,17289.0,-4.3,0.4,1000.0,432.2,0.3,23.8,19.3,3.1,75.8,23.2,18.5,34.2,157.5,8.3,7.2,a>b>d>c>e,1,1,0,0,0,0,0,0,0,0,0,0,0,0,0,0,0,1,0
64.5,27.1,24.6,8.5,17.0,25.4,8.6,119.8,105.2,19040.0,-2.2,-0.4,864.9,484.2,0.8,21.4,16.3,4.5,77.8,23.8,12.8,41.2,81.5,7.3,7.9,a>c>b>d>e,1,1,0,0,0,0,0,0,0,0,0,0,0,0,0,0,0,1,0
65.3,26.0,25.3,9.0,16.7,23.2,10.3,145.8,110.0,20264.0,-4.3,0.9,1171.6,525.7,0.6,20.9,17.3,2.6,78.4,29.3,17.5,31.7,89.9,5.9,7.7,a>c>b>d>e,1,1,0,0,0,0,0,0,0,0,0,0,0,0,0,0,0,1,0
67.1,26.7,25.9,8.3,17.5,27.1,5.4,120.2,101.4,21975.0,-5.5,4.2,1331.2,531.8,1.2,34.5,27.5,6.8,64.3,25.2,14.8,24.3,56.7,6.0,6.4,a>c>b>d>e,1,1,0,0,0,0,0,0,0,0,0,0,0,0,0,0,0,1,0
74.3,27.8,26.7,8.2,19.3,12.6,7.3,126.8,116.3,20775.0,-1.9,1.1,560.5,554.0,5.2,31.0,21.6,9.4,63.8,28.9,10.8,24.1,64.0,3.6,3.9,a>c>b>d>e,0,1,0,0,0,0,0,0,0,0,0,0,0,0,0,0,0,1,0
72.3,28.0,25.9,8.2,18.9,15.5,7.8,118.3,118.5,20051.0,-3.7,-0.3,572.5,557.3,3.1,31.9,24.3,7.4,65.0,26.0,13.9,25.2,89.8,3.8,4.0,a>c>b>d>e,0,1,0,0,0,0,0,0,0,0,0,0,0,0,0,0,0,1,0
68.4,27.4,25.9,8.8,19.7,23.0,6.5,101.5,94.2,19554.0,-4.2,7.1,650.0,566.7,5.1,35.2,26.9,7.8,59.7,22.9,9.4,27.5,94.8,3.5,3.1,a>c>b>d>e,0,1,0,0,0,0,0,0,0,0,0,0,0,0,0,0,0,1,0
68.2,27.5,26.2,8.6,19.2,23.8,9.5,115.6,98.3,19442.0,-1.9,4.6,758.9,558.6,3.3,36.1,26.2,7.9,60.6,21.0,10.9,28.6,66.2,4.0,4.7,a>c>b>d>e,0,1,0,0,0,0,0,0,0,0,0,0,0,0,0,0,0,1,0
70.6,27.3,26.8,8.5,18.2,19.5,7.0,131.3,103.2,19837.0,-7.2,2.9,690.8,545.9,1.8,36.5,31.1,5.3,61.7,29.3,11.4,21.0,90.3,4.4,4.9,a>b>c>d>e,0,1,0,0,0,0,0,0,0,0,0,0,0,0,0,0,0,1,0
72.1,26.8,25.5,7.6,18.2,26.2,5.0,129.8,100.5,20254.0,-4.0,6.4,764.0,540.9,4.2,36.5,29.9,6.0,59.3,23.1,11.9,24.3,44.3,4.0,4.0,a>c>b>d>e,0,1,0,0,0,0,0,0,0,0,0,0,0,0,0,0,0,1,0
72.5,27.2,25.5,8.2,19.2,16.6,4.0,119.9,104.9,19415.0,-5.3,6.9,704.3,542.5,6.4,37.0,27.1,9.7,56.6,24.0,7.9,24.7,48.8,3.8,4.2,a>c>b>d>e,0,1,0,0,0,0,0,0,0,0,0,0,0,0,0,0,0,1,0
71.0,26.8,25.3,8.2,19.5,15.0,3.1,117.9,102.9,20548.0,-5.6,0.2,693.2,571.5,6.6,40.4,28.5,11.6,53.0,22.8,7.9,22.3,50.1,3.3,3.6,a>c>b>d>e,0,1,0,0,0,0,0,0,0,0,0,0,0,0,0,0,0,1,0
72.2,27.2,26.3,8.5,19.1,17.4,4.0,90.8,100.6,19711.0,-3.3,2.9,859.1,580.3,5.1,38.3,32.2,5.8,56.6,22.1,12.2,22.2,46.6,3.0,3.2,a>b>c>d>e,0,1,0,0,0,0,0,0,0,0,0,0,0,0,0,0,0,1,0
74.1,27.7,25.4,7.9,18.1,13.2,3.1,150.6,103.7,19554.0,-2.7,2.9,701.0,554.6,5.6,29.6,21.6,7.4,64.9,31.7,9.5,23.7,38.7,3.7,3.7,a>c>b>d>e,0,1,0,0,0,0,0,0,0,0,0,0,0,0,0,0,0,1,0
71.4,29.4,25.4,8.4,14.9,44.1,6.4,142.4,93.9,17917.0,-3.6,-0.5,918.2,521.4,0.5,20.1,14.4,3.9,79.4,24.0,22.3,33.1,133.4,10.4,9.5,a>b>e>c>d,1,0,0,0,0,0,0,0,0,0,0,1,0,0,0,0,0,0,1
74.5,29.6,24.8,7.8,16.7,46.1,5.1,108.3,84.9,15365.0,-3.4,2.9,605.7,581.0,1.6,28.2,21.3,6.6,70.2,30.7,8.7,30.7,86.6,5.7,6.0,a>b>e>c>d,0,0,0,0,0,0,0,0,0,0,0,1,0,0,0,0,0,0,1
72.6,30.0,23.8,8.1,15.1,38.7,7.2,98.0,73.7,18122.0,-4.6,-1.8,573.0,555.5,0.9,25.9,17.2,8.1,73.2,26.4,11.9,34.8,134.3,7.9,8.4,a>b>e>c>d,0,0,0,0,0,0,0,0,0,0,0,1,0,0,0,0,0,0,1
74.5,30.0,24.4,8.0,15.5,42.8,3.8,89.8,85.3,17077.0,-14.5,7.6,711.6,569.3,0.9,36.4,27.1,4.8,62.7,25.1,12.7,24.9,117.3,6.6,6.7,a>b>e>c>d,0,0,0,0,0,0,0,0,0,0,0,1,0,0,0,0,0,0,1
75.2,29.9,24.2,7.7,15.2,49.1,4.4,122.8,80.3,21198.0,-7.9,-0.3,817.5,583.3,0.9,36.5,31.2,4.9,62.6,22.3,12.9,27.5,113.3,6.5,7.6,a>b>e>c>d,0,0,0,0,0,0,0,0,0,0,0,1,0,0,0,0,0,0,1
78.5,30.3,24.0,7.9,15.7,45.9,4.5,92.1,73.6,26300.0,-5.3,1.8,565.3,586.2,1.1,31.1,24.2,6.4,67.8,24.3,11.7,31.8,159.3,4.9,4.1,a>b>e>c>d,0,0,0,0,0,0,0,0,0,0,0,1,0,0,0,0,0,0,1
70.9,27.0,30.8,8.6,14.4,41.4,8.9,213.1,121.1,15843.0,2.0,4.6,704.7,317.8,0.3,12.9,7.8,4.5,86.8,23.1,23.6,40.1,113.8,14.1,15.3,a>b>e>d>c,1,0,1,0,0,0,0,0,0,0,0,0,0,0,0,0,0,0,0
60.1,29.5,23.7,8.8,11.4,53.3,8.2,78.2,72.2,15444.0,-1.3,5.3,800.0,436.3,0.7,22.1,15.1,6.3,77.2,20.2,16.0,41.0,113.3,15.1,15.5,e>b>a>c>d,1,0,0,1,0,0,0,0,0,0,0,0,0,0,0,0,0,0,0
63.3,29.9,25.8,10.2,11.3,51.0,6.6,93.4,78.5,16023.0,0.1,2.2,938.1,456.5,0.7,10.0,4.6,4.1,89.3,23.3,20.5,45.5,102.4,14.5,15.4,e>b>a>c>d,1,0,0,1,0,0,0,0,0,0,0,0,0,0,0,0,0,0,0
64.1,31.6,24.0,9.7,12.0,63.8,6.8,72.3,103.6,15368.0,2.6,14.2,1016.9,453.1,0.8,11.5,6.1,4.6,87.7,19.9,17.9,49.9,123.9,15.3,15.1,e>b>a>c>d,1,0,0,1,0,0,0,0,0,0,0,0,0,0,0,0,0,0,0
72.0,26.0,30.4,9.3,14.3,64.2,4.5,187.6,113.2,16849.0,3.6,4.7,1056.5,406.3,0.5,6.9,2.7,3.4,92.6,16.7,23.5,52.5,83.0,8.4,8.5,e>b>a>d>c,1,0,0,1,0,0,0,0,0,0,0,0,0,0,0,0,0,0,0
66.3,32.1,25.3,8.1,13.3,50.4,7.6,100.3,94.3,16581.0,0.6,5.0,529.1,513.5,2.6,21.1,10.1,10.3,76.3,26.1,12.8,37.4,112.4,11.4,13.7,e>b>a>c>d,0,0,0,1,0,0,0,0,0,0,0,0,0,0,0,0,0,0,0
70.0,30.7,25.1,7.7,13.5,48.3,7.1,100.9,104.6,17276.0,-0.4,2.5,650.5,541.5,4.1,20.5,10.5,9.2,75.4,32.5,13.2,29.6,86.2,8.5,9.2,e>b>a>c>d,0,0,0,1,0,0,0,0,0,0,0,0,0,0,0,0,0,0,0
67.3,31.6,23.5,7.8,12.1,51.4,9.8,50.8,62.5,15549.0,-0.8,2.5,586.5,542.3,6.4,28.4,17.2,10.4,65.2,22.4,9.8,33.0,57.9,15.9,14.1,a>e>b>c>d,0,0,0,1,0,0,0,0,0,0,0,0,0,0,0,0,0,0,0
67.8,30.8,25.1,7.8,15.4,47.4,10.2,97.4,93.6,16530.0,-0.6,2.2,524.1,509.2,4.7,29.5,19.2,9.4,65.9,27.6,11.2,27.1,112.7,11.2,11.0,b>e>a>c>d,0,0,0,1,0,0,0,0,0,0,0,0,0,0,0,0,0,0,0
67.1,32.6,24.6,8.1,13.1,49.5,7.8,91.8,96.5,16314.0,0.4,6.7,505.3,529.5,4.5,20.7,8.5,11.5,74.7,26.5,12.3,35.9,85.1,12.7,12.1,e>b>a>c>d,0,0,0,1,0,0,0,0,0,0,0,0,0,0,0,0,0,0,0
68.0,30.7,25.7,7.6,14.8,44.9,7.8,93.4,89.8,16717.0,-0.3,-2.4,515.6,515.3,2.9,27.9,17.1,10.4,69.2,25.3,13.8,30.1,52.4,11.2,12.0,b>a>e>c>d,0,0,0,1,0,0,0,0,0,0,0,0,0,0,0,0,0,0,0
63.7,30.9,23.6,8.0,11.4,46.1,10.4,55.9,54.9,15747.0,-5.6,-0.6,605.0,520.2,3.5,29.0,17.9,9.8,67.4,23.7,15.0,28.8,81.8,17.0,14.5,e>a>b>c>d,0,0,0,1,0,0,0,0,0,0,0,0,0,0,0,0,0,0,0
67.6,31.7,24.5,8.0,12.6,49.2,11.4,71.1,81.6,16273.0,-2.5,-2.9,573.0,526.1,3.3,27.3,13.3,11.2,69.4,25.7,11.8,31.9,93.8,12.1,13.3,e>b>a>c>d,0,0,0,1,0,0,0,0,0,0,0,0,0,0,0,0,0,0,0
61.7,32.3,24.2,8.4,12.7,47.9,8.3,64.6,74.0,15194.0,-0.1,5.6,641.5,525.3,7.1,23.2,12.5,10.1,69.8,24.0,11.7,34.1,95.5,15.7,14.4,e>b>a>c>d,0,0,0,1,0,0,0,0,0,0,0,0,0,0,0,0,0,0,0
71.6,31.6,25.1,7.5,15.2,55.9,6.7,107.9,103.0,18075.0,-0.7,0.9,561.3,541.4,5.5,22.2,9.6,12.4,72.3,29.2,13.8,29.3,78.3,8.2,9.7,b>a>e>c>d,0,0,0,1,0,0,0,0,0,0,0,0,0,0,0,0,0,0,0
64.5,32.4,21.9,8.1,11.9,45.8,10.8,44.9,80.8,15738.0,-0.7,0.5,651.8,521.2,7.1,25.7,15.2,9.9,67.2,24.6,12.1,30.5,88.5,15.2,14.4,b>e>a>c>d,0,0,0,1,0,0,0,0,0,0,0,0,0,0,0,0,0,0,0
66.8,33.2,23.3,7.9,11.8,58.3,6.2,63.1,79.9,16062.0,-1.3,9.0,565.0,545.2,3.8,39.8,15.6,11.4,56.4,21.2,9.0,26.1,63.1,13.1,11.2,e>a>b>c>d,0,0,0,1,0,0,0,0,0,0,0,0,0,0,0,0,0,0,0
67.8,30.4,26.0,8.2,14.3,45.1,9.7,91.6,87.5,17322.0,-3.8,0.8,651.6,539.2,3.6,34.0,24.9,8.6,62.4,28.2,10.9,23.2,92.9,10.0,11.6,e>b>a>c>d,0,0,0,1,0,0,0,0,0,0,0,0,0,0,0,0,0,0,0
63.5,32.8,22.9,8.0,12.6,42.0,10.9,50.0,63.6,14807.0,-1.5,-2.6,599.7,501.2,6.3,24.6,15.5,8.3,69.1,23.4,11.1,34.6,78.7,18.0,17.2,e>b>a>c>d,0,0,0,1,0,0,0,0,0,0,0,0,0,0,0,0,0,0,0
63.8,26.1,28.2,14.5,11.9,46.5,7.8,111.7,75.3,14772.0,1.3,-1.0,809.1,397.8,1.1,11.5,7.6,3.5,87.4,20.0,24.2,43.2,58.5,13.7,11.7,a>e>b>c>d,1,0,0,0,0,0,0,0,1,0,0,0,0,0,0,0,0,0,0
64.4,31.3,24.3,10.3,12.2,50.7,9.6,75.8,76.8,15711.0,-1.2,-4.3,1030.8,452.4,0.5,14.0,8.5,4.7,85.5,22.7,21.7,41.1,235.3,15.1,13.9,e>a>b>c>d,1,0,0,0,0,0,0,0,1,0,0,0,0,0,0,0,0,0,0
65.5,26.7,27.2,11.5,11.5,53.0,11.5,98.3,92.2,15251.0,-2.4,6.3,778.8,368.8,0.5,12.4,7.8,3.3,87.1,25.0,20.6,41.5,66.3,13.7,12.0,e>a>b>c>d,1,0,0,0,0,0,0,0,1,0,0,0,0,0,0,0,0,0,0
65.8,29.2,25.4,9.3,12.2,48.0,10.1,122.6,85.8,15607.0,-0.9,2.7,1024.1,412.0,0.4,12.8,6.9,4.6,86.8,21.9,20.9,44.0,100.5,13.6,13.3,a>e>b>c>d,1,0,0,0,0,0,0,0,1,0,0,0,0,0,0,0,0,0,0
60.8,28.0,24.9,9.8,12.0,49.9,7.5,86.1,69.3,15070.0,-2.4,10.3,890.0,406.6,0.4,13.2,7.7,4.8,86.5,22.4,17.6,46.4,65.7,16.1,16.0,a>e>b>c>d,1,0,0,0,0,0,0,0,1,0,0,0,0,0,0,0,0,0,0
61.8,28.3,25.6,9.9,11.3,43.2,21.1,91.5,76.9,15087.0,-4.1,-2.4,767.5,409.1,0.5,26.6,19.5,6.4,72.9,19.0,15.6,38.3,78.0,15.4,13.7,e>a>b>c>d,1,0,0,0,0,0,0,0,1,0,0,0,0,0,0,0,0,0,0
68.1,34.0,24.8,7.6,14.1,39.5,10.7,145.9,111.9,16177.0,-1.4,4.7,581.4,547.3,4.2,21.8,10.5,10.9,74.1,34.7,14.1,25.3,56.2,9.4,8.9,a>e>b>c>d,0,0,0,0,0,0,0,0,1,0,0,0,0,0,0,0,0,0,0
58.4,32.5,23.3,7.7,13.4,35.8,14.4,36.7,52.9,14361.0,-1.2,-4.1,536.5,491.9,9.1,22.2,10.8,9.4,68.8,24.1,10.0,34.7,217.1,18.3,13.9,a>e>b>c>d,0,0,0,0,0,0,0,0,1,0,0,0,0,0,0,0,0,0,0
59.4,31.5,24.0,8.2,13.7,35.8,15.7,71.1,71.7,14853.0,-1.4,4.3,598.3,483.9,6.8,19.0,11.6,6.7,74.2,23.5,10.0,40.7,62.6,14.5,13.3,a>e>b>c>d,0,0,0,0,0,0,0,0,1,0,0,0,0,0,0,0,0,0,0
65.6,32.0,25.5,8.3,14.1,37.4,11.1,61.6,71.1,16148.0,-1.8,0.3,573.2,541.5,7.2,32.6,22.8,9.2,60.2,24.5,10.0,25.8,65.2,9.8,9.7,a>e>b>c>d,0,0,0,0,0,0,0,0,1,0,0,0,0,0,0,0,0,0,0
64.2,33.6,23.6,7.6,13.0,44.7,12.9,56.3,65.8,15051.0,0.0,7.8,516.8,531.0,6.3,17.5,8.1,8.8,76.2,26.3,8.8,41.2,201.4,15.1,11.0,a>e>b>c>d,0,0,0,0,0,0,0,0,1,0,0,0,0,0,0,0,0,0,0
61.4,31.8,24.5,8.1,13.4,40.3,15.9,88.1,74.0,15086.0,-2.0,2.9,653.9,509.3,5.8,23.4,15.6,7.2,70.8,30.2,7.9,32.6,184.7,12.7,9.6,a>e>b>c>d,0,0,0,0,0,0,0,0,1,0,0,0,0,0,0,0,0,0,0
60.6,32.9,23.9,7.5,13.0,31.0,12.6,71.7,73.2,14922.0,0.2,3.7,533.9,524.3,6.8,16.8,7.0,9.4,76.4,30.1,7.3,39.0,43.6,14.9,12.7,a>e>b>c>d,0,0,0,0,0,0,0,0,1,0,0,0,0,0,0,0,0,0,0
63.0,31.8,26.2,7.9,15.1,30.8,15.9,62.4,83.4,15417.0,-2.2,0.2,459.7,532.3,7.7,28.9,15.2,12.7,63.4,26.5,7.6,29.2,63.7,11.3,11.3,a>e>b>c>d,0,0,0,0,0,0,0,0,1,0,0,0,0,0,0,0,0,0,0
60.3,32.7,23.3,8.0,12.9,31.9,14.4,75.2,69.3,14619.0,-1.0,6.8,601.0,510.1,4.6,15.8,8.0,7.2,79.5,32.2,10.5,36.8,60.5,15.9,13.5,a>e>b>c>d,0,0,0,0,0,0,0,0,1,0,0,0,0,0,0,0,0,0,0
63.9,33.7,23.6,7.7,13.1,35.6,12.7,60.8,63.2,15793.0,-0.5,3.2,537.5,528.7,7.6,23.0,11.6,10.8,69.4,24.1,11.0,34.3,44.6,11.6,10.7,a>e>b>c>d,0,0,0,0,0,0,0,0,1,0,0,0,0,0,0,0,0,0,0
57.8,33.3,23.0,8.4,12.3,33.0,10.4,136.6,90.9,15039.0,-2.5,5.8,680.1,469.0,4.3,11.5,5.2,5.5,84.2,44.2,11.3,28.7,34.1,12.4,11.1,a>e>c>b>d,0,0,0,0,0,0,0,0,1,0,0,0,0,0,0,0,0,0,0
62.2,33.2,23.0,7.9,12.6,32.4,12.0,37.9,69.6,13919.0,-0.7,3.6,628.0,482.2,5.0,16.1,9.4,6.0,78.8,18.3,13.2,47.3,179.4,17.2,14.2,a>e>b>c>d,0,0,0,0,0,0,0,0,1,0,0,0,0,0,0,0,0,0,0
66.2,28.6,24.3,8.3,11.7,38.5,9.6,109.8,91.4,16641.0,-2.4,-4.0,946.7,479.8,0.4,20.6,13.0,6.1,79.0,22.3,24.5,32.1,149.2,13.3,13.0,a>e>b>c>d,1,0,0,0,0,0,0,0,0,0,0,0,1,0,0,0,0,0,0
64.7,31.3,23.3,7.5,13.0,34.5,6.1,61.7,68.0,15548.0,-2.8,1.1,618.7,536.0,2.5,38.3,26.9,10.6,59.2,21.6,9.3,28.2,102.8,13.2,11.3,a>e>c>b>d,0,0,0,0,0,0,0,0,0,0,0,0,1,0,0,0,0,0,0
64.9,30.0,24.0,7.8,12.8,38.9,7.9,70.6,68.5,15968.0,-3.4,5.5,661.7,535.1,3.8,34.5,24.4,9.6,61.7,22.1,11.7,27.9,102.4,11.7,11.2,a>e>c>b>d,0,0,0,0,0,0,0,0,0,0,0,0,1,0,0,0,0,0,0
64.3,30.6,23.2,7.4,12.2,36.4,8.2,68.7,69.8,16062.0,-3.0,1.9,673.8,536.4,2.7,33.9,24.3,9.1,63.5,22.9,10.9,29.7,130.7,12.1,11.3,a>e>b>c>d,0,0,0,0,0,0,0,0,0,0,0,0,1,0,0,0,0,0,0
63.9,30.1,23.5,7.8,12.4,37.8,8.2,67.7,73.9,16050.0,-2.8,-0.2,734.8,518.2,1.9,32.2,23.1,8.1,65.9,22.6,14.9,28.4,115.7,12.6,11.3,a>e>b>c>d,0,0,0,0,0,0,0,0,0,0,0,0,1,0,0,0,0,0,0
67.6,23.6,30.0,10.8,13.3,45.3,8.0,174.8,117.9,16135.0,-1.5,-1.7,893.3,390.3,0.4,16.6,10.9,4.9,82.9,21.2,23.8,38.0,128.8,11.6,13.3,a>e>b>c>d,1,0,0,0,0,0,0,0,0,0,0,0,1,0,0,0,0,0,0
65.4,30.1,24.0,7.8,13.3,39.6,9.7,67.1,63.6,15987.0,-3.1,0.7,665.1,540.5,2.8,32.0,21.4,9.4,65.2,23.0,12.6,29.6,107.6,12.1,10.9,a>e>c>b>d,0,0,0,0,0,0,0,0,0,0,0,0,1,0,0,0,0,0,0
62.7,30.5,22.5,7.5,12.8,33.6,9.0,71.3,91.9,15003.0,-0.5,0.2,628.0,505.5,3.0,27.8,17.8,8.3,69.2,22.5,11.3,35.4,116.1,15.8,14.3,a>e>c>b>d,0,0,0,0,0,0,0,0,0,0,0,0,1,0,0,0,0,0,0
64.7,29.7,24.3,7.5,13.3,37.3,8.5,74.8,76.7,16303.0,-4.3,4.6,685.0,505.4,3.5,33.5,23.6,9.1,63.0,24.0,11.2,27.8,115.5,11.8,11.3,a>e>c>b>d,0,0,0,0,0,0,0,0,0,0,0,0,1,0,0,0,0,0,0
65.5,29.5,24.2,7.7,13.5,38.1,9.5,83.7,75.7,16094.0,-1.4,3.6,619.6,525.6,4.2,30.8,18.7,11.1,65.0,23.8,10.0,31.2,88.5,11.7,12.3,a>e>c>b>d,0,0,0,0,0,0,0,0,0,0,0,0,1,0,0,0,0,0,0
66.1,25.2,30.2,9.5,12.5,44.7,10.2,194.7,116.0,15157.0,-0.4,0.5,841.8,366.3,0.3,15.9,9.2,5.5,83.8,22.6,26.8,34.4,227.1,15.1,14.6,a>e>b>c>d,1,0,0,0,0,0,0,0,0,0,0,0,1,0,0,0,0,0,0
64.2,30.9,24.5,7.7,13.1,36.7,8.4,75.1,81.5,16432.0,-1.0,4.1,560.4,526.7,3.8,29.6,16.5,11.8,66.6,25.9,11.4,29.3,167.0,12.8,12.9,a>e>b>c>d,0,0,0,0,0,0,0,0,0,0,0,0,1,0,0,0,0,0,0
61.4,30.9,24.7,8.1,13.1,40.5,10.5,56.9,83.0,15658.0,-0.3,6.5,660.1,520.8,4.9,28.6,16.3,11.1,66.4,26.3,12.2,28.0,129.4,13.5,13.6,a>e>b>c>d,0,0,0,0,0,0,0,0,0,0,0,0,1,0,0,0,0,0,0
61.7,30.8,22.5,7.7,11.0,41.0,5.9,66.1,72.1,16134.0,-2.3,6.3,799.3,468.3,1.4,18.4,12.2,5.8,80.3,23.3,21.3,35.7,165.2,14.7,15.0,e>a>b>c>d,1,0,0,0,0,0,0,0,0,0,0,0,0,1,0,0,0,0,0
62.3,26.8,26.8,10.1,12.8,40.5,11.2,92.3,73.3,15294.0,0.3,-0.3,799.9,368.5,0.3,12.2,5.5,5.2,87.5,21.4,24.0,42.1,120.9,13.9,12.8,e>a>b>c>d,1,0,0,0,0,0,0,0,0,0,0,0,0,1,0,0,0,0,0
61.1,27.3,26.5,10.5,11.9,45.2,9.7,97.1,92.8,15556.0,-2.1,3.8,902.1,424.1,0.3,14.0,7.3,5.7,85.7,21.6,25.3,38.8,209.5,13.5,14.4,e>a>b>c>d,1,0,0,0,0,0,0,0,0,0,0,0,0,1,0,0,0,0,0
63.0,31.2,24.4,8.3,14.0,32.5,11.3,57.1,58.0,15519.0,-2.5,-7.2,608.4,541.2,7.2,27.3,17.1,8.5,65.5,23.4,10.1,31.9,96.5,12.6,12.9,e>a>b>c>d,0,0,0,0,0,0,0,0,0,0,0,0,0,1,0,0,0,0,0
59.1,31.3,23.6,8.2,11.9,36.8,11.3,56.1,62.9,15483.0,-8.8,5.0,626.2,509.0,2.9,33.6,26.1,6.4,63.5,22.7,12.6,28.2,142.3,14.0,12.5,e>a>b>c>d,0,0,0,0,0,0,0,0,0,0,0,0,0,1,0,0,0,0,0
61.2,32.1,25.6,8.0,13.3,31.3,9.3,49.4,62.2,16136.0,-6.2,10.6,568.8,556.9,4.4,30.9,21.4,8.0,64.8,26.8,9.7,28.3,194.3,9.8,11.4,a>e>b>c>d,0,0,0,0,0,0,0,0,0,0,0,0,0,1,0,0,0,0,0
59.6,30.9,23.4,7.8,11.9,37.2,12.3,53.1,62.2,15609.0,-5.4,-0.9,578.8,503.8,4.7,26.2,14.8,8.4,69.2,25.3,10.6,33.3,116.1,15.3,15.2,e>a>b>c>d,0,0,0,0,0,0,0,0,0,0,0,0,0,1,0,0,0,0,0
61.1,31.1,23.7,7.8,12.5,34.9,8.5,65.7,57.6,15519.0,-6.2,-0.8,608.9,497.5,2.8,25.3,16.2,8.5,71.9,26.4,10.5,34.9,176.5,13.0,10.2,a>e>b>c>d,0,0,0,0,0,0,0,0,0,0,0,0,0,1,0,0,0,0,0
60.8,32.0,24.1,7.9,12.9,26.4,11.6,48.0,65.7,16326.0,-3.4,1.4,604.5,541.9,5.1,28.7,16.9,11.0,66.2,20.1,9.0,37.2,166.4,11.6,11.2,e>a>b>c>d,0,0,0,0,0,0,0,0,0,0,0,0,0,1,0,0,0,0,0
58.6,31.9,22.9,7.4,11.9,29.9,14.8,44.1,64.7,15389.0,-5.1,3.1,560.4,521.4,5.2,25.6,16.1,8.6,69.1,27.2,9.9,32.1,142.7,17.3,14.9,e>a>b>c>d,0,0,0,0,0,0,0,0,0,0,0,0,0,1,0,0,0,0,0
60.3,31.6,25.0,8.0,12.7,27.4,9.6,63.7,71.8,15960.0,-4.7,-0.3,620.9,548.1,3.2,31.4,19.5,10.0,65.4,28.0,12.6,24.7,123.1,12.8,14.0,e>a>b>c>d,0,0,0,0,0,0,0,0,0,0,0,0,0,1,0,0,0,0,0
56.6,31.0,23.6,7.9,12.1,31.0,11.7,57.5,57.7,15114.0,-5.0,-0.8,610.5,479.8,2.7,27.6,19.2,7.2,69.7,22.2,11.2,36.4,161.8,13.7,10.3,e>a>b>c>d,0,0,0,0,0,0,0,0,0,0,0,0,0,1,0,0,0,0,0
61.0,31.6,23.9,8.6,13.5,36.7,13.3,44.5,53.1,14783.0,-2.1,2.8,616.5,499.9,5.5,23.4,13.9,8.8,71.2,20.6,11.3,39.2,109.7,16.2,16.1,e>a>b>c>d,0,0,0,0,0,0,0,0,0,0,0,0,0,1,0,0,0,0,0
62.7,31.8,23.3,7.8,11.9,31.1,9.1,62.5,74.2,15613.0,-5.1,3.8,594.5,527.7,4.3,29.9,21.0,8.3,65.8,23.1,12.4,30.3,138.1,12.6,12.1,a>e>b>c>d,0,0,0,0,0,0,0,0,0,0,0,0,0,1,0,0,0,0,0
66.6,28.2,27.5,10.2,13.1,49.4,7.7,127.2,93.6,15506.0,-1.0,-1.1,963.8,421.3,0.7,16.3,9.6,5.2,83.0,22.2,24.6,36.3,67.2,12.1,10.9,e>a>b>d>c,1,0,0,0,0,0,0,0,0,0,0,0,0,0,0,1,0,0,0
63.7,31.7,23.5,8.1,11.0,44.5,12.1,75.2,82.5,15658.0,-1.0,-0.8,811.1,439.7,0.6,15.1,8.3,5.6,84.3,22.6,22.3,39.4,133.7,14.8,13.4,e>a>b>c>d,1,0,0,0,0,0,0,0,0,0,0,0,0,0,0,1,0,0,0
70.3,24.2,30.4,12.2,12.7,61.9,4.8,155.7,95.2,15127.0,-0.5,-4.8,894.7,397.4,0.3,20.2,15.7,3.8,79.5,18.4,19.8,41.3,126.9,8.6,6.4,e>a>b>d>c,1,0,0,0,0,0,0,0,0,0,0,0,0,0,0,1,0,0,0
64.0,33.6,22.8,7.7,10.1,42.7,9.7,112.2,83.9,17898.0,-1.1,-5.5,826.0,493.8,0.3,20.0,14.6,4.9,79.8,24.5,16.6,38.7,149.4,11.5,11.8,e>a>b>c>d,1,0,0,0,0,0,0,0,0,0,0,0,0,0,0,1,0,0,0
67.9,26.2,29.0,10.2,13.7,53.4,7.5,133.3,90.8,13895.0,2.6,6.1,742.8,406.1,0.3,12.7,7.5,4.8,86.9,23.1,18.9,45.0,70.0,12.3,10.3,a>e>b>d>c,1,0,0,0,0,0,0,0,0,0,0,0,0,0,0,1,0,0,0
65.8,28.8,25.8,7.5,12.8,50.4,10.2,88.5,84.1,15940.0,-3.7,-19.5,995.8,466.2,0.5,29.9,25.2,4.4,69.6,24.0,18.9,26.7,147.9,12.3,12.6,e>a>b>c>d,1,0,0,0,0,0,0,0,0,0,0,0,0,0,0,1,0,0,0
70.5,29.7,26.5,8.8,14.9,42.1,4.7,65.2,64.7,14955.0,-2.1,1.4,606.3,529.8,3.0,39.2,24.8,14.2,57.7,20.9,8.6,28.2,35.4,10.3,9.4,a>e>b>c>d,0,0,0,0,0,0,0,0,0,0,0,0,0,0,0,1,0,0,0
64.3,30.1,24.4,8.7,12.7,38.9,10.1,56.6,66.7,15002.0,-2.4,7.5,621.0,506.4,2.4,26.4,14.7,11.4,71.1,23.3,11.5,36.4,73.9,13.6,13.4,e>a>b>c>d,0,0,0,0,0,0,0,0,0,0,0,0,0,0,0,1,0,0,0
65.2,31.6,25.2,8.1,12.9,32.6,4.8,56.1,52.2,16426.0,-7.3,8.7,597.0,551.8,3.6,40.7,30.6,9.1,55.6,20.1,8.9,26.6,114.7,9.1,9.1,a>e>b>c>d,0,0,0,0,0,0,0,0,0,0,0,0,0,0,0,1,0,0,0
63.4,30.2,25.4,8.0,14.1,45.3,8.8,70.4,62.5,14885.0,-2.5,9.8,634.4,484.3,5.1,27.1,17.6,9.0,67.8,21.4,10.8,35.7,58.0,13.5,11.3,a>e>b>c>d,0,0,0,0,0,0,0,0,0,0,0,0,0,0,0,1,0,0,0
61.6,31.9,23.6,7.8,12.6,38.7,6.1,47.4,64.9,14320.0,-4.3,0.0,555.1,528.2,4.8,26.5,17.1,9.1,68.7,19.5,8.5,40.7,82.7,16.4,13.4,e>a>b>c>d,0,0,0,0,0,0,0,0,0,0,0,0,0,0,0,1,0,0,0
62.8,31.4,24.8,8.2,12.1,39.5,9.2,72.0,72.1,15760.0,-4.4,-0.9,658.8,551.1,2.5,36.7,27.6,8.1,60.8,20.3,11.5,29.0,98.8,9.7,9.5,a>e>b>c>d,0,0,0,0,0,0,0,0,0,0,0,0,0,0,0,1,0,0,0
64.8,31.1,24.9,7.7,13.4,41.6,6.6,66.7,67.9,15635.0,-4.0,0.5,692.1,508.3,3.0,34.2,23.6,9.7,62.7,23.0,11.0,28.8,65.0,10.3,9.1,a>e>b>c>d,0,0,0,0,0,0,0,0,0,0,0,0,0,0,0,1,0,0,0
63.7,32.3,25.5,7.8,13.4,36.0,7.1,73.7,63.8,15404.0,-4.6,-7.9,533.5,518.8,5.8,35.7,24.5,10.9,58.4,22.1,11.1,25.2,81.4,13.4,11.9,a>e>b>c>d,0,0,0,0,0,0,0,0,0,0,0,0,0,0,0,1,0,0,0
62.9,31.3,25.6,8.5,12.6,31.6,5.1,55.9,71.8,15904.0,-2.2,-1.1,561.4,568.7,4.6,37.9,27.5,9.6,57.4,20.2,8.9,28.4,109.0,8.6,7.8,e>a>b>c>d,0,0,0,0,0,0,0,0,0,0,0,0,0,0,0,1,0,0,0
65.8,30.7,25.0,8.7,12.3,43.4,7.2,95.6,75.8,15690.0,-3.4,9.8,638.5,504.5,2.0,34.9,26.5,7.8,63.0,22.1,12.2,28.8,50.6,11.7,9.7,a>e>b>c>d,0,0,0,0,0,0,0,0,0,0,0,0,0,0,0,1,0,0,0
66.4,32.3,25.8,7.8,13.8,39.1,5.1,75.9,90.2,14753.0,-1.9,0.3,543.5,531.1,5.0,31.4,17.4,13.5,63.7,24.4,8.6,30.7,58.7,9.4,8.8,a>e>b>c>d,0,0,0,0,0,0,0,0,0,0,0,0,0,0,0,1,0,0,0
61.6,31.7,24.2,7.5,11.7,35.6,6.0,66.6,78.5,16634.0,-3.4,6.6,664.0,537.9,1.7,42.5,31.7,9.4,55.8,19.6,11.9,24.4,71.4,8.5,9.0,e>a>b>c>d,0,0,0,0,0,0,0,0,0,0,0,0,0,0,0,1,0,0,0
64.3,31.2,23.7,7.7,11.5,36.7,8.6,63.5,65.7,15483.0,-5.3,2.3,629.1,512.3,2.8,33.1,23.0,8.5,64.1,21.9,11.3,30.9,96.8,10.8,10.5,e>a>b>c>d,0,0,0,0,0,0,0,0,0,0,0,0,0,0,0,1,0,0,0
67.7,32.0,25.0,7.8,12.9,38.8,6.0,186.4,78.2,15821.0,-2.8,-1.0,623.5,539.4,4.7,32.3,21.4,10.0,62.9,30.0,9.3,23.6,85.5,9.5,9.7,a>e>b>c>d,0,0,0,0,0,0,0,0,0,0,0,0,0,0,0,1,0,0,0
66.3,31.6,24.2,7.9,12.7,38.7,6.8,60.6,74.7,15472.0,-3.0,-0.2,674.4,560.2,5.6,40.5,31.2,8.7,53.9,19.4,9.8,24.7,83.9,9.7,8.5,a>e>b>c>d,0,0,0,0,0,0,0,0,0,0,0,0,0,0,0,1,0,0,0
66.7,32.2,23.1,7.1,12.0,40.1,6.6,64.7,81.8,16229.0,-1.8,-2.5,560.4,546.7,4.7,35.9,22.9,12.1,59.4,23.8,8.7,26.9,74.8,11.4,10.0,a>e>b>c>d,0,0,0,0,0,0,0,0,0,0,0,0,0,0,0,1,0,0,0
61.4,31.3,23.1,7.3,11.6,39.8,5.8,48.9,73.2,15359.0,-2.9,2.1,581.3,507.1,3.2,31.0,21.5,8.5,65.8,27.0,9.5,29.3,76.4,15.8,12.4,a>e>b>c>d,0,0,0,0,0,0,0,0,0,0,0,0,0,0,0,1,0,0,0
