Votes Total,Residents Total,Residents 0-14,Residents 15-64,Residents 65+,Population without Education,Population with High School,Companies Created,Average Monthly Income,Employees per Sector Total,Employees per Sector Agriculture,Employees per Sector Extraction Industries,Employees per Sector Transformation Industries,Employees per Sector Construction,Employees per Sector Gross and Retails Markets,Employees per Sector Administration and Services,Employees per Economic Sector Banks,Employees per Economic Sector Others,Companies Dissolved,Unemployment Total,Unemployment <25,ranking
13550,21473,2209,12370,6894,5060,2038,55,666.4,5373,1018,0,1299,735,926,212,58,0,47,787.3,129.6,d>e>b>c>a
10346,16038,1816,10257,3965,1641,2284,47,737.5,4021,358,0,426,635,919,317,39,0,33,646.3,71.3,e>d>c>b>a
4819,8479,732,4609,3139,1892,887,13,666.0,1768,0,0,268,180,284,59,21,0,10,196.8,30.0,e>c>d>b>a
11789,18330,1807,11206,5317,3163,2292,43,655.2,5131,1254,63,849,688,923,238,43,0,34,506.6,60.0,d>e>b>c>a
5353,8773,1034,5282,2457,1690,923,25,639.4,1896,0,0,448,238,300,99,14,0,5,320.3,40.8,e>d>c>b>a
8256,11454,1290,7368,2796,1989,1282,30,677.8,2355,444,9,235,492,386,80,28,0,19,515.1,76.5,d>e>c>b>a
27031,42286,5694,27746,8847,5406,4399,98,644.2,12405,1484,141,3251,2274,2292,419,62,8,69,1619.2,229.7,b>d>c>e>a
7593,13496,1606,8644,3246,1454,1698,73,708.8,3990,216,35,656,246,1443,210,55,0,82,559.3,70.3,d>e>c>b>a
44376,85791,10841,56589,18361,7975,11702,208,784.6,26883,1049,72,7755,3912,4895,1679,210,45,155,4014.3,506.9,e>d>c>a>b
5566,8925,1095,5762,2069,1161,1130,23,776.9,3989,102,0,2203,214,347,167,23,0,46,296.2,42.7,e>c>d>b>a
11194,18241,2492,12516,3234,1847,2316,52,654.9,4505,353,0,758,834,937,245,0,14,25,1005.8,157.8,e>c>d>b>a
74166,118144,16349,82777,19019,9333,12261,342,686.8,45907,2037,26,22591,5911,7551,1625,213,19,278,3904.1,656.3,e>b>c>a>d
90174,181342,26966,126706,27671,10441,26282,658,826.4,63768,0,131,13644,8087,12804,4411,566,42,552,9999.2,1083.3,e>b>d>a>c
19934,33994,5090,23435,5469,2736,3881,128,695.4,13675,632,45,3527,4238,1785,759,66,0,85,1255.1,194.7,d>e>b>c>a
4910,6608,735,4143,1730,1019,769,8,747.3,1428,239,0,80,154,236,72,0,0,6,411.2,52.5,d>e>c>b>a
27898,47269,6908,31752,8610,5661,5100,161,675.7,11836,779,0,2700,3000,2296,492,82,24,81,1910.8,322.6,d>e>b>c>a
10955,16064,2265,10783,3017,2282,1620,27,627.5,3461,409,0,637,724,706,164,21,0,22,1137.7,205.3,e>c>d>b>a
31097,49129,6487,33794,8848,4981,4792,150,621.6,14911,273,0,6462,1775,2613,729,76,0,125,2792.8,466.8,e>b>d>a>c
93308,154458,20891,108836,24732,12043,17593,488,705.6,63915,703,153,34083,3568,11107,2133,307,0,337,8958.0,1168.6,e>b>d>a>c
4590,7120,825,4761,1534,1246,648,7,620.6,1580,262,77,166,142,372,246,13,0,16,477.8,85.8,e>c>b>d>a
14799,21606,2953,14753,3900,2692,2092,65,638.8,6040,262,0,1991,734,917,650,35,0,26,1099.1,162.8,d>e>c>b>a
8981,12213,1398,8002,2814,1804,1334,17,705.4,2035,0,0,194,356,456,123,21,0,23,871.8,112.0,e>c>d>b>a
73412,132683,18368,92787,21528,9573,15972,399,774.5,51745,842,19,25361,4098,9121,2228,284,38,300,6056.8,803.8,e>b>d>a>c
13962,23771,3266,17291,3215,1947,2355,81,623.2,8856,47,0,5559,336,1208,327,63,0,54,1112.8,157.1,e>b>d>a>c
14471,21302,2926,14193,4184,2537,1943,41,655.4,6917,921,21,2181,1254,1046,291,31,0,22,692.1,116.8,e>c>d>b>a
17447,29634,3450,19030,7155,2719,3867,90,762.0,7958,42,0,1583,354,1643,583,98,0,60,2636.5,327.5,d>e>c>b>a
77851,166041,22580,113630,29832,11149,23336,339,749.9,32395,465,0,6799,2333,8915,2993,225,0,372,12610.3,1558.7,e>b>d>a>c
60122,135845,20799,92885,22161,6634,20416,498,975.6,60350,476,14,13109,3833,12902,11363,399,0,570,8192.4,786.1,c>b>d>a>e
75178,173395,23409,116322,33665,11185,24602,676,951.8,86633,900,0,8672,3504,37884,10765,396,5,828,10523.0,972.3,e>d>c>a>b
34096,66737,8024,45405,13308,5420,7358,177,805.1,27926,493,41,16551,1312,3367,1993,131,19,99,2013.5,293.9,e>d>a>c>b
49605,86409,13668,61030,11711,6763,8205,215,678.7,23394,0,0,10109,2192,4846,1044,161,19,207,6062.0,928.3,e>d>b>c>a
111634,214349,26566,128687,59097,13814,32936,1757,1089.2,119901,1222,16,8627,5609,24889,15442,4560,10,1604,19406.5,1860.3,e>b>d>a>c
28535,62433,9329,42491,10613,4357,7441,209,734.6,19908,0,0,4082,1727,4521,986,137,46,186,3411.6,466.2,d>e>a>c>b
68217,139173,19129,96054,23990,10799,15581,428,812.1,45922,372,0,20912,3653,8722,2956,258,14,378,6895.9,864.2,d>e>a>c>b
40142,69270,8115,47089,14067,5920,7599,156,723.1,21973,0,0,11280,1117,4019,1180,166,0,170,4472.8,551.1,e>c>d>b>a
10645,21455,2814,14737,3904,1285,3037,80,802.1,13325,31,0,7822,168,2159,643,144,0,77,948.4,101.3,e>b>d>a>c
20894,38237,5177,26833,6227,2644,4714,109,814.4,16894,0,0,7222,1263,3369,1077,73,0,136,2405.9,348.5,e>c>d>b>a
13493,21794,2494,14177,5123,2458,2505,46,872.1,8455,387,0,4931,436,1091,233,51,0,44,655.8,77.9,c>d>b>e>a
41869,95300,14392,65352,15557,5562,12981,218,761.1,23896,384,80,4884,4126,5176,2238,171,0,215,7048.3,842.7,e>b>d>a>c
42969,79363,11755,53805,13803,5488,9091,281,831.8,26111,0,0,7896,2555,5766,919,125,19,219,3744.1,495.3,e>b>d>a>c
131456,300587,42470,204332,53785,18851,41476,946,874.4,77413,1015,23,20431,5525,15988,6556,487,29,902,25545.7,2879.8,e>b>c>a>d
3902,5263,485,3091,1687,1269,475,10,636.0,1065,340,42,156,128,165,39,0,0,6,262.2,29.3,d>e>c>b>a
23676,39910,4332,25101,10478,4900,5326,81,712.5,8902,1138,69,1016,815,2215,312,115,8,73,2333.0,295.5,e>d>c>b>a
7290,9439,749,5442,3248,2193,951,11,659.3,2094,795,0,178,237,302,59,21,0,17,426.9,65.3,e>c>d>b>a
5161,6183,709,3842,1633,1468,499,15,688.9,1177,291,0,90,329,136,36,0,0,10,447.8,55.7,e>d>b>c>a
10127,15478,1403,8771,5304,3478,1332,21,639.6,4391,2288,48,232,532,573,134,33,8,19,790.3,115.3,d>e>b>c>a
8890,12328,1172,7591,3565,2074,1195,25,669.4,3037,590,183,635,334,488,103,30,0,16,706.3,100.3,d>e>b>c>a
31345,54190,7325,37449,9417,6125,5745,133,723.9,16307,766,20,3329,5738,2578,710,92,0,121,3552.7,535.8,e>b>c>a>d
10828,19372,2441,13027,3904,3429,1634,42,615.9,3241,439,0,442,1086,533,111,14,0,55,1683.6,248.8,e>c>d>b>a
10211,15889,2201,10925,2763,1466,1454,23,625.0,3547,210,0,1257,623,598,107,17,0,21,1141.8,206.1,e>c>d>b>a
11720,19413,2450,13126,3838,2727,1947,32,667.1,3891,511,0,927,497,633,452,16,0,31,1101.8,135.7,d>e>b>c>a
10871,19010,2545,12264,4201,3155,1524,54,621.5,3365,488,0,327,1062,546,249,18,0,21,1816.3,228.8,e>c>d>b>a
33265,57098,8043,40969,8087,5231,5717,178,620.9,29909,690,0,20243,1736,3672,687,121,24,134,2148.7,327.2,d>c>e>b>a
28069,46988,7230,33893,5866,4033,3904,136,605.5,16482,354,0,7875,2829,2791,425,48,0,119,2409.3,333.3,e>b>d>a>c
28991,52295,7772,36838,7686,5107,4755,123,691.4,15244,328,602,3465,5258,2644,458,77,0,159,3937.4,672.4,e>d>b>c>a
31616,56931,8699,40899,7334,4417,4516,186,612.7,20841,152,65,12074,864,3608,618,94,6,134,3629.3,491.8,e>d>c>b>a
43980,70546,10648,49620,10279,6801,7240,174,704.4,21602,623,212,6621,5476,3746,624,88,49,170,4576.1,739.5,e>b>d>a>c
7604,10539,1343,6828,2368,2047,961,11,646.8,2141,867,0,132,302,422,55,15,0,17,817.9,140.4,e>d>b>c>a
7600,11013,1169,6520,3325,1868,1082,24,737.9,3499,1849,0,390,0,395,115,14,11,11,633.8,84.5,e>b>c>a>d
3936,5908,614,3713,1582,875,611,3,654.9,2290,826,0,221,105,769,41,0,0,11,386.8,68.5,c>e>b>d>a
4079,5840,590,3260,1990,1195,533,8,643.8,1494,758,0,133,81,230,40,0,0,6,319.5,53.6,c>e>d>b>a
2442,3451,377,2016,1058,759,279,3,611.7,896,412,0,68,180,72,13,0,0,1,228.1,36.9,d>e>c>b>a
15296,25350,2993,16951,5407,3373,3060,40,704.4,5871,1346,0,611,815,1255,361,46,18,46,2532.2,325.6,e>d>b>a>c
2668,4080,494,2705,881,687,444,7,638.0,911,467,0,44,83,136,50,0,0,5,384.8,48.0,e>d>a>b>c
5828,9825,1201,6225,2400,1412,1084,14,651.0,2497,720,0,291,193,690,49,18,8,16,692.8,113.1,e>d>c>b>a
4102,5596,640,3352,1604,1058,520,6,634.9,1578,874,0,133,0,165,32,0,0,5,385.8,45.8,d>e>b>c>a
1839,2710,294,1694,722,489,283,6,632.1,821,467,0,30,78,114,14,0,0,4,135.4,29.8,d>e>c>b>a
9452,16131,1891,10794,3447,2184,1961,28,764.9,4433,1611,0,386,592,785,123,38,0,25,1340.3,205.1,d>e>c>b>a
4053,5990,677,3705,1609,1048,567,9,868.2,1600,808,0,207,140,157,37,0,0,14,367.8,43.8,e>d>c>b>a
4783,6806,708,4309,1789,1406,633,10,659.2,2164,1405,0,124,0,238,24,0,7,13,515.3,70.0,e>d>b>c>a
4691,7320,861,4774,1686,1236,671,10,711.2,2399,1490,0,205,104,259,99,0,20,5,373.1,63.5,c>e>d>b>a
3814,5461,567,3464,1430,854,618,12,615.9,1479,518,28,240,157,283,27,0,0,3,276.6,51.2,d>e>b>c>a
3821,6110,580,4025,1505,964,610,9,724.5,1311,0,0,95,131,171,90,0,24,10,520.2,91.2,e>c>d>b>a
4399,7768,965,5208,1596,990,784,11,672.7,1827,0,0,108,255,585,267,13,0,9,625.6,92.2,d>e>b>c>a
5340,7914,634,4458,2823,1641,886,15,905.1,1819,765,13,81,149,358,65,15,0,3,439.3,56.9,e>c>d>b>a
4748,6733,634,3973,2127,1204,747,15,726.1,1854,955,63,194,110,233,40,0,0,9,312.2,49.4,d>e>c>b>a
30316,50224,6700,33634,9891,4468,7426,112,799.5,12888,1904,78,1152,1088,2661,728,140,27,129,3186.3,382.0,e>d>a>c>b
3728,4659,407,2766,1487,930,488,4,634.4,1327,788,0,61,97,129,19,0,0,7,354.3,45.5,e>c>d>b>a
18028,33900,3915,21909,8076,4022,4749,69,749.5,9787,2895,23,1079,848,1918,283,93,41,85,1616.5,253.2,d>e>a>c>b
10673,14802,1464,8840,4498,2323,1616,26,692.5,4141,1770,0,229,268,812,92,36,0,26,815.5,97.6,e>b>d>a>c
5102,7084,625,4148,2311,1322,838,10,689.2,1890,663,0,222,175,388,41,18,11,9,257.5,34.2,e>c>d>b>a
13838,22280,2459,13826,5995,3292,2861,42,708.8,5606,1532,0,673,333,1275,237,56,0,42,1584.1,244.0,e>d>b>c>a
6771,8745,803,4958,2984,1830,912,8,664.1,2379,1203,0,115,143,422,61,12,0,13,517.2,69.1,e>c>d>b>a
4486,6206,598,3760,1849,1068,647,7,631.2,1777,922,0,102,84,274,46,0,0,9,427.3,53.6,e>b>c>a>d
3425,4213,419,2276,1519,991,362,9,622.9,856,351,0,103,79,159,16,10,0,6,186.3,27.1,d>e>c>b>a
7048,8197,607,4248,3342,1779,731,7,640.4,2180,1316,0,119,134,240,52,11,0,6,448.3,51.4,e>c>d>b>a
25064,54846,6808,36010,12029,5701,7184,171,740.2,18512,1446,293,5774,1593,4500,930,117,40,158,1768.8,252.4,d>e>b>c>a
16614,43212,6812,28310,8090,4111,6173,108,881.5,12535,1008,0,4005,837,2582,951,62,27,191,1406.8,138.3,e>b>d>a>c
6478,14589,2430,9406,2754,1039,1957,53,846.3,4254,201,0,703,215,889,235,22,0,63,384.1,39.7,e>d>c>b>a
6070,12636,1596,8085,2955,1458,1550,26,701.2,3593,715,0,463,310,1210,186,31,0,23,448.3,42.0,e>c>d>b>a
6663,13809,1770,8384,3655,1823,1671,20,697.7,3440,914,0,423,231,991,192,19,14,39,515.3,57.2,d>e>c>b>a
20616,51550,6916,33638,10997,4697,7513,147,752.6,16198,1030,0,2172,1050,3718,2742,129,47,152,1929.0,219.5,d>e>a>c>b
11899,25624,3735,16844,5046,2945,3179,37,706.5,7260,1913,0,852,710,1488,432,41,37,87,870.1,103.2,e>d>c>b>a
6791,14386,1991,9218,3178,1406,1913,40,704.8,3922,224,0,740,200,778,348,28,0,29,551.7,72.3,e>d>c>a>b
5786,11634,1547,7320,2768,1370,1457,56,789.3,3664,512,0,334,372,838,231,13,11,34,390.0,36.0,d>e>c>a>b
12083,26921,3900,17235,5787,2850,3158,57,737.2,6937,833,0,1639,564,1450,312,49,13,48,1089.9,125.4,d>e>c>b>a
4639,10263,1550,6886,1827,951,1324,20,717.4,2691,171,0,643,252,663,279,20,0,32,308.3,34.8,d>c>e>b>a
34695,78845,11351,51360,16134,7616,10130,232,778.4,26981,3069,0,5807,2380,6581,1559,154,78,330,3181.0,379.3,e>b>d>a>c
23863,46713,5876,30534,10303,4116,5589,120,798.1,19213,546,65,10056,943,3924,704,118,30,93,1574.0,213.7,e>d>b>c>a
13406,24412,3247,16329,4837,2092,2783,63,804.1,8697,454,0,3871,725,1531,324,50,0,42,895.6,138.7,c>d>b>e>a
14115,27899,3117,17573,7210,3342,3287,62,780.7,8988,975,0,3616,706,1346,473,53,15,47,904.0,106.0,b>e>c>d>a
32397,77062,10845,51576,14642,4769,10510,300,926.7,28309,571,11,7319,1343,5349,2793,334,0,219,3538.2,390.6,e>b>c>a>d
11868,26290,3478,17330,5483,2402,2878,40,862.4,7794,413,0,2447,606,1517,612,61,0,34,1130.7,170.8,e>c>d>b>a
14772,38387,5428,25909,7051,2602,4761,85,839.5,11867,1224,49,5151,540,1604,710,71,0,74,1677.6,204.4,d>e>b>a>c
4646,10374,1537,6682,2156,1199,880,8,673.0,2374,443,0,651,210,354,149,20,0,13,340.2,47.9,d>e>b>c>a
10790,23704,3410,15413,4881,2341,2628,53,783.7,8559,400,0,3758,593,1917,380,51,24,58,745.7,104.9,b>d>c>e>a
26586,54544,7210,37507,9828,3949,7022,138,783.3,18370,387,3,7988,847,3821,1443,96,9,124,2903.3,347.2,d>e>b>c>a
7305,11777,1319,7514,2945,1212,1381,27,780.1,3858,286,4,1681,444,659,86,26,0,27,419.6,49.5,e>d>b>c>a
11417,22873,3114,14946,4813,2666,2486,47,748.7,6919,380,0,2519,496,1409,697,39,30,55,662.3,90.0,c>e>b>d>a
6814,11375,1152,7032,3191,1952,1249,17,670.6,2526,149,0,687,440,530,96,18,19,20,460.8,81.9,d>e>c>b>a
17307,35742,4171,22310,9262,4846,4096,68,805.1,11365,1395,48,2941,1193,2488,640,84,41,64,1288.0,139.0,d>e>c>b>a
65125,134463,16842,85169,32452,9331,21230,439,900.6,40201,1028,11,3178,2582,8589,3112,497,42,497,6817.3,847.6,e>c>d>b>a
7469,17441,2586,11490,3366,1705,2438,32,735.2,3566,131,10,729,248,658,284,27,0,33,578.8,65.0,e>d>b>a>c
26563,60186,7388,38151,14647,6642,8623,132,874.2,17766,1020,39,4347,2163,3075,1491,134,16,154,3242.8,347.1,e>d>c>a>b
2669,3961,407,2326,1229,830,393,5,620.8,874,0,0,126,232,166,43,0,0,3,167.6,29.9,e>c>d>b>a
7718,17216,2623,11383,3211,1314,2466,38,744.7,3734,0,0,1097,394,752,302,30,0,34,771.0,110.8,e>d>b>a>c
8919,20128,2542,13022,4564,1807,2644,36,739.1,5992,395,0,1078,370,999,434,39,23,46,646.7,84.6,e>b>c>a>d
7142,12064,1425,7555,3084,1664,1340,30,711.9,3253,356,0,766,293,836,113,18,0,28,524.8,54.3,d>e>c>b>a
6742,12853,1420,8602,2832,1366,1640,16,661.1,2228,264,0,139,394,583,167,15,0,21,437.1,64.9,e>b>d>a>c
13473,25624,3141,16441,6043,3265,3402,39,681.4,5108,0,0,716,643,834,358,25,40,33,1228.8,130.9,e>b>d>a>c
5391,9130,935,5552,2644,1437,934,17,758.0,3375,581,0,1060,412,527,175,25,0,10,247.9,37.9,d>e>b>c>a
11641,19876,2253,12547,5076,2695,2123,50,659.5,5461,193,18,1778,1019,1143,163,35,26,32,840.4,148.3,e>d>c>b>a
2401,4128,299,2166,1663,1213,350,8,679.8,506,54,0,41,143,100,7,9,0,7,126.0,15.0,d>e>c>b>a
8280,14300,1518,8916,3867,2163,1437,18,687.7,2945,162,0,275,686,665,153,20,0,27,443.5,70.8,e>d>c>b>a
3038,5584,630,3307,1648,916,632,10,677.5,1679,144,0,350,208,255,174,0,0,16,174.5,28.1,d>e>c>b>a
9051,17913,1970,10708,5236,3205,2579,18,698.4,3059,270,47,696,243,715,141,21,10,26,619.3,83.2,e>c>d>b>a
6786,11675,1430,7496,2749,1575,1201,16,616.3,4418,153,4,2738,279,508,74,16,0,28,478.2,64.3,e>d>c>b>a
3618,7033,927,4788,1319,803,867,8,688.6,2347,77,0,570,124,984,112,0,0,16,303.4,60.8,e>d>c>b>a
4019,6842,650,3992,2201,1364,708,8,623.0,1965,185,0,233,324,423,28,12,0,12,265.0,38.0,d>e>b>c>a
7028,12512,1348,7793,3371,2027,1566,21,692.0,3476,156,0,776,590,774,116,24,11,28,517.2,78.3,e>d>b>c>a
7221,15839,2239,10439,3162,1478,2013,49,753.9,7088,209,83,1943,1163,1761,376,32,0,50,441.0,59.0,d>e>b>c>a
1914,2769,243,1582,945,518,294,2,787.9,632,37,0,197,43,111,52,0,0,3,174.3,21.3,d>e>c>b>a
3905,5784,555,3403,1827,1037,634,14,687.4,1072,100,0,137,179,283,37,0,0,9,337.8,45.5,e>c>d>b>a
58368,125622,17600,83975,24047,10931,17851,480,821.2,49221,1589,226,12362,6721,11226,3350,401,93,365,4124.7,535.0,e>a>b>d>c
15828,38587,5412,24988,8188,3198,5809,99,950.6,14786,83,0,7339,401,2394,1045,81,0,92,1444.3,179.2,e>b>d>a>c
2247,3539,384,2064,1092,697,392,6,659.7,895,90,0,246,56,189,50,0,0,6,162.6,28.0,e>d>c>b>a
24793,53288,6656,33912,12721,8928,6453,132,745.3,17587,678,254,3592,3483,3719,636,118,87,126,1573.0,235.0,d>e>a>c>b
12170,23713,3130,15396,5187,2569,2801,60,766.0,7846,356,355,2767,816,1437,288,56,31,55,831.9,123.4,d>e>c>b>a
4016,4987,445,3195,1348,1236,514,11,604.0,1416,290,26,168,202,376,14,13,0,8,180.3,28.6,b>e>c>d>a
4959,9526,1171,5926,2430,1317,993,16,703.2,2559,191,0,929,241,369,97,16,0,15,375.5,43.8,e>d>c>b>a
9214,14448,1692,8722,4035,2765,1262,18,638.6,2836,323,76,419,391,765,72,27,5,25,786.5,126.2,e>c>d>b>a
10418,19145,2410,12008,4728,2272,2135,37,738.6,6954,446,70,2448,374,1068,140,39,0,23,941.3,137.3,e>d>c>b>a
7869,13413,1693,8287,3434,1529,1601,14,804.0,3588,345,0,1426,336,548,145,31,0,45,539.9,76.4,e>c>b>d>a
5934,10030,1356,6516,2158,1041,1132,27,865.9,5536,553,0,2500,745,949,113,22,0,29,362.3,55.3,e>c>d>b>a
5042,7440,788,4495,2157,1509,640,7,639.0,1588,419,38,131,359,219,23,0,0,6,394.2,44.1,e>c>d>b>a
5812,10831,1242,6636,2953,1432,1255,16,705.1,2378,168,0,490,342,463,256,0,0,14,434.5,57.8,e>c>d>b>a
10290,15970,1798,9736,4437,2341,1779,32,630.7,3409,513,0,681,390,685,153,23,21,22,746.8,121.2,e>d>c>b>a
7336,11892,1305,7790,2798,1913,1249,16,597.4,2415,313,0,420,490,485,75,18,0,15,636.2,96.9,c>e>d>b>a
15646,27508,2897,16658,7954,3832,3073,36,777.8,7728,974,8,2495,705,1307,456,56,0,39,828.0,135.7,d>e>b>c>a
3068,4871,564,3018,1290,888,518,5,612.3,879,166,0,140,114,210,19,0,0,8,261.6,42.3,e>c>d>b>a
45086,98007,13817,64530,19661,8360,13792,273,763.3,25974,1268,0,3241,3499,5966,1781,614,21,262,4840.5,673.9,d>e>a>c>b
5988,9982,1068,6100,2814,1360,1038,18,678.7,2175,481,0,486,338,339,82,0,0,19,374.6,50.0,d>e>b>c>a
25194,53317,6614,33537,13167,6030,8265,108,745.8,12643,839,0,2218,1233,2691,637,148,0,94,2409.4,243.7,e>d>c>a>b
4628,8626,827,4247,3553,2491,747,25,668.5,1714,537,0,173,154,279,43,0,23,14,435.9,50.3,e>c>d>b>a
3501,5234,333,2884,2017,1381,432,6,679.1,1001,124,0,295,139,189,35,11,0,6,137.8,16.3,c>e>d>b>a
3411,5061,330,2687,2044,1451,456,4,657.2,861,160,0,93,174,164,65,0,0,8,178.9,21.8,e>b>c>d>a
4798,7682,665,4556,2462,1451,937,7,667.2,1696,179,0,354,238,383,103,16,0,9,220.0,26.4,e>d>c>b>a
2068,3261,164,1808,1289,616,309,5,939.2,920,126,0,441,65,60,30,0,0,8,86.8,11.1,e>c>d>b>a
16513,36493,4232,22255,10006,4396,4933,56,835.4,7431,553,0,1882,485,1685,446,78,14,62,1867.1,214.3,e>d>b>a>c
6468,13131,1704,8135,3293,1342,1807,27,799.3,6419,100,0,2576,194,1404,172,29,0,43,402.7,59.1,e>c>d>b>a
2358,3987,568,2534,886,404,556,4,943.6,975,32,0,599,18,51,30,13,0,8,174.9,18.8,e>c>d>b>a
8979,20683,3143,13710,3830,1002,3615,42,854.4,4565,44,0,1371,197,1086,444,44,0,47,762.4,94.8,e>d>a>b>c
4856,8159,905,5030,2225,1453,892,10,663.9,2283,528,0,408,466,401,80,10,0,18,206.6,46.1,d>e>b>a>c
4387,6642,506,3693,2444,1346,653,12,653.6,1299,142,0,274,198,315,63,0,0,10,227.2,24.2,d>e>b>c>a
22292,44894,5769,29353,9773,5947,5559,116,749.6,14856,409,0,2837,2541,3293,699,140,12,126,1202.2,189.1,e>c>d>b>a
2331,3807,390,2435,982,451,498,1,655.9,721,86,0,83,157,135,42,0,0,10,174.3,23.7,d>e>c>b>a
8702,15074,1754,9077,4244,2592,1785,25,652.3,3814,391,0,765,611,898,108,30,35,17,609.3,106.6,d>e>b>c>a
18525,37989,4222,23567,10201,4049,5456,74,771.6,7295,295,0,1239,660,1875,476,83,9,67,1333.1,171.7,e>d>c>a>b
16267,35504,4498,22210,8796,3412,5155,88,799.9,9418,428,0,2014,741,1894,716,97,0,64,1281.2,165.0,e>d>b>a>c
1941,3374,220,2002,1152,686,328,14,628.6,656,56,0,160,132,105,24,8,0,7,92.6,17.0,d>e>b>c>a
3314,7300,907,4476,1918,626,1061,11,677.3,892,15,0,81,59,285,93,8,0,8,267.5,44.8,e>c>d>b>a
4604,6263,392,3609,2263,1150,794,6,637.9,1138,244,0,58,119,228,56,19,0,8,180.4,23.8,d>e>c>b>a
3795,6519,685,4165,1669,988,796,15,647.4,1952,164,0,779,173,361,70,15,0,9,403.9,49.6,e>b>d>c>a
5156,7207,787,4287,2134,1312,722,6,616.4,1391,169,0,367,92,247,46,16,0,14,349.3,49.2,d>e>c>b>a
27629,48463,5549,30323,12591,5682,6817,79,725.2,12127,465,315,3582,800,2223,798,117,0,107,2838.8,324.3,e>a>c>d>b
4087,5882,656,3374,1853,1150,528,8,629.7,1257,547,0,116,87,186,23,15,0,8,270.8,41.5,e>d>b>c>a
3421,4758,465,2980,1314,866,423,5,593.3,859,0,0,125,121,186,23,0,0,4,210.1,30.8,e>d>b>c>a
15181,27535,3091,16827,7618,4506,3099,39,677.7,6966,1119,0,1509,570,1557,243,57,29,65,1507.8,181.2,d>e>c>b>a
7228,13019,1192,7537,4291,2126,1279,21,663.3,2194,300,0,234,277,563,144,27,6,24,584.3,74.0,d>e>b>c>a
22537,40048,4954,26281,8813,3848,5812,86,756.3,11641,708,10,2158,1039,2547,363,125,0,119,1891.8,216.0,d>e>b>a>c
2245,3169,267,2010,893,436,368,2,679.6,575,28,0,65,145,102,23,0,0,4,165.3,19.2,e>d>c>b>a
3501,4771,431,2656,1685,1017,426,4,634.8,1227,455,0,99,222,175,33,10,0,4,113.8,23.0,e>c>b>d>a
5484,8913,845,5120,2948,1642,941,12,641.0,2584,1098,0,320,278,399,63,0,6,14,295.3,41.8,d>e>c>b>a
7697,11366,852,6142,4372,2783,1092,9,642.4,2295,421,0,347,339,543,63,27,0,10,348.5,60.2,d>e>c>b>a
12843,23178,2355,14534,6290,3096,2768,30,672.7,5218,0,0,1250,589,1330,166,53,38,45,1051.9,143.3,e>d>c>b>a
5834,9277,842,5600,2835,1620,1002,6,683.4,2530,667,0,219,273,681,44,23,0,17,263.2,36.8,e>d>b>c>a
7583,18914,3377,12449,3088,1090,2926,46,1379.2,4991,418,0,627,450,1573,391,29,0,99,766.5,87.3,e>c>d>b>a
63146,169510,25539,106036,37935,11069,28068,535,875.2,33497,376,9,1800,2544,6130,5640,416,0,860,8163.3,812.4,e>c>d>a>b
58589,177407,27042,110456,39910,11752,28390,494,1091.6,51367,0,0,4027,3486,10846,12484,367,0,799,8062.6,858.7,e>b>d>a>c
32970,76206,10899,46195,19113,5249,12494,117,857.1,12155,119,9,1529,1217,2522,1206,152,0,187,4380.8,480.9,e>c>d>a>b
73450,210625,34177,135105,41343,9767,37171,1151,985.6,64739,0,0,3871,4255,13468,7515,525,0,1296,9259.2,812.6,e>b>d>a>c
241983,504718,77521,284170,143027,32413,80869,5386,1289.4,564986,4641,377,17080,17116,109946,142140,17839,391,5105,26881.7,2491.8,e>d>c>a>b
83438,206719,32384,131461,42874,13596,31177,591,943.5,61192,0,0,7660,4494,14427,8610,298,46,852,8787.9,914.6,d>a>e>b>c
31315,82271,14764,54578,12929,4889,11779,329,740.2,26573,1105,9,3879,1895,5394,4293,143,41,481,2488.9,222.1,d>e>c>a>b
23568,64936,10142,42153,12641,5139,9906,107,796.9,8611,291,0,1443,988,1821,889,95,0,186,4116.2,464.3,d>b>e>a>c
18065,55448,9430,36675,9343,4124,8215,142,807.1,15494,2469,0,1772,639,2975,3345,106,0,229,2825.7,308.2,e>b>d>a>c
55143,155273,24779,99833,30661,8274,23533,548,773.0,30697,259,0,3347,3560,6346,5779,240,0,688,6216.8,550.7,e>b>d>a>c
77948,173794,27288,106034,40473,7196,30518,831,1404.7,137843,0,0,7548,16021,31267,32307,3489,0,1450,6265.0,527.8,e>b>d>a>c
21926,64128,10346,41700,12082,5271,9448,180,1054.9,23426,0,0,9236,1834,2962,2623,94,22,223,2456.1,260.8,d>b>e>a>c
56177,164874,25937,108928,30010,8558,26710,428,1001.1,28919,0,0,3738,2771,6725,3813,242,0,571,7183.5,698.0,d>c>e>a>b
18084,50853,8569,33786,8499,3167,7998,110,766.9,8937,711,71,585,1084,1741,1047,86,9,205,1877.6,196.1,d>b>e>a>c
43109,117380,18578,74287,24515,8977,19196,323,972.7,30184,0,0,4584,2220,5176,5752,317,10,423,6022.9,683.7,d>c>e>a>b
125544,383234,63414,257773,62048,18351,66819,1180,1010.1,97621,1017,160,14111,10324,24741,14707,657,10,1655,15951.8,1567.0,e>b>d>a>c
51135,140729,22996,94761,22972,7469,24215,313,962.9,36145,0,0,6701,2038,5986,4876,272,23,569,5278.7,520.9,e>b>d>a>c
6098,12085,1462,7219,3405,2142,1387,33,762.4,3090,1093,0,317,226,494,157,23,0,21,384.8,54.8,d>b>e>a>c
7335,14685,1848,9102,3736,2404,1862,35,709.5,3489,680,0,0,298,635,224,27,11,39,505.4,69.3,d>c>e>a>b
12293,25026,2908,15332,6787,5247,3114,60,688.5,9571,3998,0,225,770,1267,1283,41,43,38,1060.7,97.0,e>c>d>a>b
12700,29115,3573,18157,7385,3881,4602,35,764.9,6535,1172,0,673,742,1480,461,56,77,55,1258.6,115.0,d>b>e>a>c
6101,13672,1906,9068,2698,1278,2198,30,1289.1,5548,236,0,974,418,985,1066,44,0,38,1049.4,144.0,e>b>d>a>c
5593,8541,963,5333,2245,1329,1018,5,798.6,2364,395,0,249,133,447,91,11,31,10,405.7,57.6,e>c>d>b>a
4535,6927,801,4098,2029,1602,767,8,657.2,1408,355,0,124,235,244,65,15,0,9,328.8,39.8,e>d>c>a>b
1227,2477,280,1643,555,399,316,4,794.8,385,88,0,17,45,59,28,0,0,5,125.3,18.9,d>c>e>b>a
1065,1702,227,1100,376,241,281,3,612.4,424,167,0,76,25,59,20,0,0,4,205.8,22.9,e>c>d>b>a
16017,34085,5187,21427,7471,3598,5036,102,821.2,8522,2060,0,658,299,1899,397,105,25,80,1794.1,227.8,e>c>d>a>b
3657,7114,863,4599,1652,926,869,15,980.4,2271,276,0,0,93,325,54,16,0,8,298.8,42.7,e>c>d>b>a
2891,4728,650,2986,1092,647,633,10,716.3,771,269,0,67,0,130,44,0,0,14,231.9,33.4,d>c>e>b>a
3893,7959,975,4971,2013,1407,845,13,708.6,2005,936,0,127,92,394,95,11,0,16,390.0,47.3,e>c>d>b>a
4386,6479,606,3592,2282,1524,692,8,672.8,1261,351,0,108,182,280,77,0,0,7,379.4,47.3,e>c>d>b>a
6514,14161,2169,8827,3165,2449,1580,17,735.0,3035,988,3,385,95,639,153,23,33,10,1308.3,204.4,e>c>d>b>a
3351,4869,483,2881,1506,1106,619,5,623.2,1170,282,0,183,61,332,69,0,0,3,257.6,27.0,e>d>c>b>a
6863,14907,1708,9461,3738,2791,1648,14,666.5,3155,1146,0,321,215,730,110,19,18,14,919.3,126.6,d>b>e>a>c
3208,5631,830,3479,1322,877,714,10,726.9,1279,567,0,171,0,230,36,0,0,9,396.3,67.8,d>c>e>b>a
8803,23002,3292,14238,5472,2907,2809,48,715.9,6032,1933,0,466,595,1344,446,43,22,78,966.0,110.0,e>b>d>c>a
3636,7249,987,4318,1945,1004,850,14,750.2,1780,585,0,367,127,334,76,0,0,16,285.9,27.9,d>c>e>b>a
8864,22221,2957,14562,4703,2301,2914,32,925.4,6205,642,0,1766,325,964,352,26,27,61,677.3,70.0,e>a>d>b>c
9918,29920,4994,19749,5178,2341,4237,91,833.3,9271,714,0,2552,558,1729,798,66,14,137,1480.3,201.0,d>c>e>b>a
10014,23980,3237,15416,5328,2083,3433,55,783.4,5082,524,0,1142,301,1300,363,44,18,74,837.7,81.8,e>b>d>a>c
4912,9575,1063,5707,2805,1565,927,10,738.7,2395,680,0,0,207,364,97,0,20,16,314.8,35.4,e>c>d>b>a
8573,18430,2054,10769,5608,3667,2058,23,804.7,4406,1238,0,500,257,914,213,31,0,38,787.1,101.9,e>c>d>b>a
3054,5542,630,3434,1479,615,684,12,736.3,1400,349,0,316,101,257,74,11,0,8,176.9,21.3,e>c>d>b>a
9928,20643,2831,13196,4617,2253,2736,54,755.2,6844,703,130,2466,492,1208,211,45,11,50,610.3,73.0,e>b>d>a>c
8870,21661,2837,13769,5056,3248,2705,55,750.9,4428,770,0,530,401,1339,205,23,37,71,1174.8,140.4,e>b>c>a>d
26369,58472,7957,36278,14237,5821,8656,165,803.9,15724,1418,260,3315,859,3468,950,200,41,223,2152.2,236.4,d>e>c>b>a
2035,3286,347,1967,973,640,398,5,678.8,565,185,0,61,0,100,30,0,0,6,181.9,29.3,e>b>d>a>c
1974,2970,230,1805,935,644,331,4,661.7,566,220,0,44,81,78,26,0,0,2,127.0,25.6,d>e>c>b>a
2467,4363,424,2658,1281,847,473,2,682.4,1195,304,0,305,0,146,29,0,0,8,224.3,41.6,d>c>e>b>a
4458,8165,1215,5218,1732,1154,1125,10,1024.0,3779,354,0,816,59,1737,57,14,0,15,506.4,82.0,e>b>d>a>c
2006,3087,293,1865,930,578,394,3,676.9,523,104,0,0,47,115,41,0,0,7,132.2,19.3,d>e>c>b>a
2356,3339,308,1898,1134,703,312,2,641.3,640,0,3,91,72,131,36,0,0,7,179.3,21.6,e>d>c>b>a
10559,21421,2851,13677,4894,2652,3175,69,699.6,4948,1321,7,267,288,1078,289,49,16,75,1833.0,251.3,e>c>b>d>a
2077,3074,363,1866,845,590,371,2,680.3,790,288,0,78,50,130,47,0,0,9,182.0,25.2,d>e>c>b>a
2270,3589,295,1986,1309,814,303,9,660.6,505,0,0,66,89,119,20,0,0,8,184.7,28.1,e>c>d>b>a
2162,3202,307,1852,1043,667,336,11,622.9,649,0,0,76,75,93,17,0,0,1,109.3,13.1,d>e>c>b>a
1903,3084,429,1876,779,678,327,1,735.8,579,188,0,53,0,168,24,0,0,4,232.7,50.4,d>c>e>b>a
4113,6548,600,3626,2322,1419,729,2,659.6,1322,251,0,228,132,306,66,10,0,6,262.4,33.0,e>c>d>b>a
8102,15599,1835,9714,4051,2696,1964,18,750.0,3652,745,0,716,388,789,138,32,13,16,820.2,103.9,e>b>d>a>c
12769,23049,2920,14235,5894,2767,3304,60,769.8,5709,649,0,1126,253,1386,314,58,0,56,892.2,109.4,e>c>d>b>a
3037,4640,507,2722,1411,895,515,7,626.9,1243,423,0,202,82,245,30,0,21,11,213.2,34.1,e>d>c>a>b
3455,5314,565,3150,1600,1050,518,11,693.5,953,391,0,117,80,128,52,0,0,8,278.2,40.1,e>c>d>b>a
3688,7082,802,4363,1918,1106,916,11,747.9,1819,477,0,371,102,307,65,0,0,19,293.9,42.1,d>c>e>a>b
4188,6992,788,4302,1903,1243,929,14,744.7,1634,423,45,306,0,315,63,13,0,8,361.2,56.4,e>d>c>a>b
6757,13231,1421,7939,3872,2244,1978,19,714.3,3644,705,0,515,175,808,364,34,19,15,627.6,109.5,e>c>d>b>a
21982,53474,7417,34287,11771,4684,9078,157,853.1,17187,1392,4,3649,1049,3277,1234,203,27,174,2732.6,402.1,d>c>e>a>b
8395,16226,1789,9648,4790,2901,2081,41,728.5,4134,1033,0,476,316,810,326,33,15,43,545.9,74.9,d>b>e>c>a
2452,4433,443,2578,1412,960,453,5,677.8,1024,256,0,227,0,193,46,0,13,4,157.0,20.1,d>c>e>b>a
1565,2520,348,1611,562,434,280,2,657.8,413,157,0,70,23,42,26,0,0,3,241.3,45.4,e>d>c>b>a
3630,6060,714,3678,1668,1080,668,8,726.3,1234,399,0,173,130,139,104,0,0,8,354.9,43.9,e>c>d>b>a
3626,6608,844,4131,1634,1078,751,7,683.6,1567,494,0,224,174,272,99,17,0,12,374.4,58.3,d>c>e>b>a
4751,10309,1373,6421,2515,1622,1345,25,726.9,2576,683,0,491,183,441,113,18,13,28,665.1,96.6,e>d>c>b>a
6245,11499,1472,6877,3151,1489,1511,31,805.3,3463,474,0,1058,184,664,143,35,0,22,345.5,47.8,e>c>d>b>a
3063,5289,700,3384,1205,933,689,10,691.8,1104,317,0,0,103,237,114,0,0,12,253.3,38.8,e>c>d>b>a
4527,7941,942,5162,1837,1082,1156,15,827.1,2154,141,263,600,0,387,101,16,9,26,393.5,60.0,d>c>e>b>a
12833,40495,6713,27266,6517,3083,7354,254,760.0,18267,504,0,450,1375,2803,1777,131,38,216,2196.4,254.1,d>e>b>a>c
1896,2443,170,1163,1111,760,237,0,655.7,460,122,0,46,39,75,26,0,0,7,72.6,12.8,e>c>d>b>a
2426,5612,721,3172,1720,980,969,21,679.5,1446,209,0,73,151,287,71,9,0,17,180.8,16.9,e>c>d>b>a
3797,6426,710,3927,1790,971,807,15,685.3,1289,140,0,74,141,248,108,0,0,23,308.8,42.7,e>c>d>b>a
25838,61046,9315,39068,12663,4508,10922,252,855.4,20927,1559,6,648,1918,4735,2428,277,17,230,2634.4,284.9,e>b>d>a>c
8904,22793,3374,14821,4599,1864,3547,89,812.9,8878,230,0,337,1053,1355,562,57,11,100,1135.8,117.1,e>d>b>a>c
10293,30746,4668,19827,6252,2769,5378,120,736.6,10007,275,0,251,1136,1721,804,87,15,97,1278.8,153.8,e>b>d>a>c
25494,69399,10525,44715,14160,6866,11076,364,805.9,31316,1511,31,895,2632,5489,6043,229,24,291,2698.1,305.1,e>b>d>a>c
3362,5431,494,3086,1851,1088,778,4,660.9,1346,222,0,136,72,330,86,0,0,9,262.5,19.6,d>e>c>b>a
15780,45198,7207,29231,8761,3878,6417,89,760.0,10526,1824,56,931,1080,2104,1024,75,59,84,1865.4,218.6,e>b>c>a>d
18813,55446,9242,35561,10644,4668,8648,203,795.4,16686,384,0,567,1203,2896,1485,170,12,250,3134.0,333.9,e>b>c>a>d
5027,10556,1493,6779,2285,906,1687,28,771.9,2806,260,0,357,359,655,216,28,0,28,342.8,45.3,e>c>d>b>a
14621,36512,5111,22898,8503,4207,5327,104,754.9,8495,1299,0,473,888,1928,619,63,48,116,1375.4,125.0,c>d>e>a>b
11341,25339,3338,15433,6569,3195,3815,93,717.2,6852,1197,29,221,619,1141,422,50,49,87,862.7,88.3,e>d>b>a>c
2584,5199,643,3199,1358,632,761,19,764.9,2127,173,0,59,273,301,157,6,0,16,174.8,16.5,e>b>c>a>d
9187,19060,2878,12216,3966,1591,2712,41,733.4,4995,340,0,245,310,1200,307,60,10,78,1088.3,119.8,d>e>c>a>b
2763,5653,844,4046,763,476,675,10,0.0,1148,288,0,58,119,270,126,14,0,8,0.0,0.0,d>e>b>a>c
6141,14705,2716,10315,1674,1208,1128,23,0.0,2498,272,0,357,321,572,345,23,0,15,0.0,0.0,e>d>c>b>a
3380,4965,739,3358,868,424,419,4,0.0,661,259,0,30,69,106,33,15,0,1,0.0,0.0,d>e>c>b>a
28768,68378,11333,48565,8480,5343,7944,137,0.0,23321,1825,0,1927,1343,6102,1938,344,54,152,0.0,0.0,d>e>b>a>c
3618,6106,926,4264,917,732,485,5,0.0,967,196,0,81,115,140,35,14,0,3,0.0,0.0,e>d>c>b>a
14806,32745,6929,23148,2669,3192,2467,33,0.0,7520,860,63,2130,1368,1123,711,49,11,31,0.0,0.0,d>e>b>a>c
5315,11278,1912,8031,1336,1352,799,14,0.0,1672,393,0,86,226,474,149,23,0,4,0.0,0.0,e>d>c>b>a
16762,34505,5256,23751,5498,2810,3758,51,0.0,8329,1465,0,729,489,2219,684,132,0,40,0.0,0.0,e>d>a>c>b
9282,21544,3169,15366,3010,1879,2265,23,0.0,3917,967,0,328,411,787,300,37,0,26,0.0,0.0,e>d>a>c>b
2629,4320,578,2917,826,529,353,1,0.0,853,281,0,62,71,170,34,16,0,6,0.0,0.0,e>d>c>b>a
2241,3295,484,2062,750,536,253,7,0.0,927,298,0,0,71,205,22,11,0,0,0.0,0.0,b>e>d>a>c
3236,5229,654,3679,896,497,520,8,0.0,1284,247,0,57,148,441,70,17,0,16,0.0,0.0,d>c>b>e>a
3088,4607,566,3021,1020,409,484,4,0.0,976,0,0,99,81,187,70,11,0,4,0.0,0.0,e>c>d>b>a
3638,5953,824,4038,1092,435,738,14,0.0,1596,400,0,103,220,313,101,26,0,11,0.0,0.0,d>e>c>b>a
2165,3299,444,2237,619,221,408,7,0.0,790,0,0,65,159,160,62,11,0,2,0.0,0.0,e>d>c>b>a
8058,14792,2131,10238,2423,914,1868,20,0.0,3614,0,11,289,264,693,246,43,0,14,0.0,0.0,e>b>d>a>c
941,1499,182,1019,298,141,143,0,0.0,324,114,0,4,33,58,7,0,0,2,0.0,0.0,e>d>c>b>a
1282,2197,281,1517,400,158,221,1,0.0,495,0,0,28,70,118,45,11,0,1,0.0,0.0,e>c>d>b>a
237,460,67,313,80,42,46,1,0.0,99,38,0,0,5,17,9,0,0,0,0.0,0.0,e>d>c>b>a
6523,10999,1431,7107,2462,1926,1067,25,805.2,2455,578,0,165,659,208,111,33,0,19,0.0,0.0,c>e>b>d>a
15149,34147,5906,24333,3909,4927,2813,39,729.7,4817,1210,0,587,756,765,375,39,0,93,0.0,0.0,d>e>b>c>a
53737,105188,14031,72792,18365,8827,15081,620,924.0,38358,981,32,1690,2242,7665,4129,516,0,511,0.0,0.0,b>e>c>d>a
11441,20554,2697,14666,3191,2508,2055,32,881.1,3031,297,0,315,559,518,213,39,0,33,0.0,0.0,e>d>a>c>b
4915,8588,1268,5888,1433,1249,791,19,649.2,1751,738,0,63,222,245,79,16,0,15,0.0,0.0,e>d>a>c>b
2112,2404,280,1535,589,610,197,6,697.4,474,118,0,20,25,48,14,0,0,1,0.0,0.0,e>d>c>b>a
7546,12501,1956,8494,2052,2191,1249,21,672.6,1975,330,0,127,300,400,147,40,0,17,0.0,0.0,d>e>c>a>b
21044,43976,7562,31766,4648,2837,6284,74,832.7,6721,373,0,664,490,1452,835,45,0,86,0.0,0.0,d>e>b>c>a
4456,6934,747,4515,1673,1512,676,7,709.6,880,245,0,32,61,145,62,0,0,18,0.0,0.0,c>d>b>e>a
3168,5188,588,3267,1333,1140,508,9,732.6,979,274,0,57,123,153,42,16,0,12,0.0,0.0,e>c>d>b>a
3271,5174,730,3805,640,399,852,3,921.7,852,39,0,24,45,212,102,10,0,6,0.0,0.0,d>e>b>c>a
