Votes Total,Residents Total,Residents 0-14,Residents 15-64,Residents 65+,Population without Education,Population with High School,Companies Created,Average Monthly Income,Employees per Sector Total,Employees per Sector Agriculture,Employees per Sector Extraction Industries,Employees per Sector Transformation Industries,Employees per Sector Construction,Employees per Sector Gross and Retails Markets,Employees per Sector Administration and Services,Employees per Economic Sector Banks,Employees per Economic Sector Others,Companies Dissolved,Unemployment Total,Unemployment <25,ranking
13872,22284,2469,12831,6984,5060,2038,40,666.4,4793,656,0,1181,766,920,155,52,0,17,1179.8,201.2,d>e>b>c>a
10573,16465,1965,10659,3842,1641,2284,39,737.5,3921,267,0,378,610,925,351,46,0,16,963.0,98.3,e>d>c>b>a
4855,8874,813,4840,3221,1892,887,8,666.0,1709,493,0,210,208,313,52,25,0,2,250.6,49.1,e>d>c>b>a
11909,18931,1963,11621,5347,3163,2292,39,655.2,4993,1042,66,735,801,985,220,41,0,19,727.2,124.2,e>d>b>c>a
6090,9039,1093,5488,2458,1690,923,11,639.4,1595,177,0,288,238,295,172,19,0,9,613.9,102.9,e>d>c>b>a
8309,11829,1499,7530,2800,1989,1282,28,677.8,2251,301,10,218,597,378,103,30,0,12,798.5,151.0,e>d>c>b>a
26276,43151,6351,28194,8607,5406,4399,115,644.2,11294,1049,0,2762,2397,2177,470,76,12,32,2443.8,343.2,c>d>b>e>a
8042,13869,1765,8996,3108,1454,1698,66,708.8,4626,186,32,1297,374,1446,201,63,0,28,878.8,144.1,d>e>c>b>a
42848,87570,11794,58413,17363,7975,11702,243,784.6,25129,800,73,6694,4048,4768,1599,242,41,122,5607.8,753.2,e>d>c>b>a
5980,9138,1205,5899,2035,1161,1130,22,776.9,3570,104,0,1830,251,334,159,24,0,23,431.6,70.3,e>d>c>b>a
11377,18635,2868,12700,3068,1847,2316,36,654.9,3993,224,0,650,795,846,236,0,15,12,1532.1,207.0,e>c>d>b>a
71209,119824,18376,84200,17249,9333,12261,397,686.8,42569,1823,32,20791,5052,7317,1506,222,20,164,6514.9,1070.5,e>b>c>a>d
90617,181979,28878,128376,24725,10441,26282,768,826.4,60419,0,143,12660,8705,12474,3463,609,43,297,14454.8,1642.5,e>c>d>b>a
17663,34268,5538,23719,5011,2736,3881,106,695.4,10634,561,45,3194,2149,1782,492,73,0,43,1820.4,275.2,d>e>b>c>a
5204,6929,836,4385,1708,1019,769,5,747.3,1242,0,0,91,164,233,38,0,0,3,499.8,81.3,e>c>d>b>a
27776,47838,7657,31874,8307,5661,5100,138,675.7,10903,565,0,2469,2860,2334,371,89,25,45,2964.0,427.8,d>e>b>c>a
10968,16442,2531,10870,3042,2282,1620,49,627.5,3154,321,0,571,665,712,105,36,0,13,1488.3,282.8,e>c>d>b>a
30070,50097,7283,34549,8265,4981,4792,180,621.6,14043,114,0,5968,1822,2531,675,88,0,56,4039.2,648.4,e>d>c>b>a
83282,156762,23066,111407,22290,12043,17593,582,705.6,59270,569,179,31605,3293,10502,2052,368,0,194,13287.5,1507.8,e>b>d>a>c
4961,7357,995,4808,1555,1246,648,16,620.6,1398,0,104,180,168,339,51,14,0,8,548.8,106.8,e>c>d>b>a
14789,21867,3295,14793,3779,2692,2092,56,638.8,5552,209,42,1831,757,914,562,46,0,18,1467.9,201.6,d>e>b>c>a
9771,12651,1653,8189,2810,1804,1334,21,705.4,2013,176,0,178,373,468,146,20,0,8,973.7,135.6,e>b>d>a>c
73039,133843,20263,94290,19290,9573,15972,458,774.5,48402,732,26,23249,4029,8815,2242,280,40,151,10391.7,1254.2,e>b>d>a>c
12175,23856,3676,17339,2841,1947,2355,80,623.2,7860,0,0,5045,341,1034,220,53,0,28,1808.0,204.3,e>b>d>a>c
13295,21877,3225,14667,3985,2537,1943,41,655.4,6315,697,22,2051,1212,975,260,40,0,23,1034.5,185.8,e>d>b>c>a
17873,30674,3808,20252,6615,2719,3867,86,762.0,7786,39,0,1433,379,1788,550,105,0,42,3408.1,459.9,d>e>c>a>b
61370,167771,24504,116588,26679,11149,23336,372,749.9,30483,352,0,6585,2324,8520,2662,238,0,169,16703.3,2136.7,e>b>d>a>c
51052,135971,22043,94274,19655,6634,20416,539,975.6,57304,412,15,13638,3611,12012,9633,341,0,214,11617.4,1244.4,e>b>d>a>c
67445,175006,24472,120336,30199,11185,24602,702,951.8,82426,740,0,8552,3783,36690,9435,436,5,571,13237.2,1330.3,e>d>c>a>b
32123,67971,8857,46770,12344,5420,7358,199,805.1,26548,385,51,15876,1401,3379,1620,142,19,57,3246.1,463.1,d>e>b>c>a
43739,86948,15050,61399,10500,6763,8205,217,678.7,21619,0,0,9523,2018,4483,778,184,18,68,8583.3,1193.7,d>e>c>b>a
110596,224894,27470,140428,56996,13814,32936,1574,1089.2,117903,1074,12,8802,13022,24315,11670,4602,11,1356,21335.0,2332.1,e>b>d>a>c
27560,63141,10136,43420,9585,4357,7441,214,734.6,18838,1591,27,3723,1745,4496,876,149,47,160,4429.3,634.3,d>e>b>c>a
64006,140052,20891,97466,21696,10799,15581,438,812.1,44944,294,0,20868,3823,8598,2643,312,14,182,9783.7,1337.1,d>e>c>a>b
37391,70737,9125,48838,12775,5920,7599,175,723.1,20529,211,29,10695,1233,3963,625,131,0,63,7025.3,892.7,e>b>d>c>a
9462,21655,3032,15032,3592,1285,3037,88,802.1,12580,19,0,7456,188,2017,560,107,0,36,1430.5,203.4,d>e>c>b>a
21100,38743,5657,27576,5510,2644,4714,132,814.4,15303,0,0,6507,1181,3234,904,99,0,32,4042.3,547.8,e>b>d>a>c
13080,22439,2710,14843,4887,2458,2505,43,872.1,8086,176,0,4761,474,1066,200,58,0,30,864.8,130.0,c>d>b>e>a
37420,95004,15169,66231,13604,5562,12981,255,761.1,20274,279,78,4557,2368,5072,2366,174,0,93,9294.1,1254.4,e>a>d>b>c
36466,79774,12482,54869,12424,5488,9091,257,831.8,24651,2377,23,7518,2684,5458,879,139,19,274,5740.8,777.8,e>a>d>c>b
127158,302989,45501,208673,48815,18851,41476,945,874.4,73976,875,23,19536,5532,15839,6026,568,28,574,33342.4,3998.3,e>b>d>a>c
4051,5540,539,3276,1725,1269,475,7,636.0,1000,266,63,159,130,177,35,0,0,4,331.4,37.8,d>e>c>b>a
23163,40788,4714,25924,10150,4900,5326,92,712.5,8598,750,61,993,931,2252,277,97,9,45,2656.5,347.8,d>e>c>b>a
7918,10049,883,5823,3344,2193,951,15,659.3,1846,685,0,151,176,328,55,30,0,13,439.6,68.0,e>c>d>b>a
5050,6383,810,3938,1636,1468,499,4,688.9,1126,0,0,83,330,131,36,11,0,5,489.1,80.0,e>d>b>c>a
11079,16252,1592,9420,5241,3478,1332,27,639.6,3905,1785,43,229,479,620,111,40,8,12,980.7,145.6,d>e>b>c>a
9222,12819,1387,7930,3503,2074,1195,22,669.4,2847,512,179,592,337,478,92,31,0,9,784.9,105.8,d>e>c>b>a
31543,55424,8269,38209,8947,6125,5745,157,723.9,14170,588,27,3114,4362,2507,585,81,0,57,4921.3,676.4,e>b>d>a>c
11473,20009,2769,13429,3812,3429,1634,31,615.9,3141,344,0,396,1133,564,124,19,0,15,2111.3,329.4,e>d>b>c>a
10932,16350,2503,11240,2608,1466,1454,25,625.0,3306,0,0,1228,576,577,94,19,0,9,1413.2,178.4,e>d>c>b>a
11720,19874,2840,13204,3830,2727,1947,26,667.1,3055,248,0,748,483,592,101,22,0,16,1781.9,283.9,d>e>b>c>a
11781,19800,2814,12842,4145,3155,1524,30,621.5,3091,330,0,212,1103,563,320,18,0,19,2144.2,293.3,e>c>d>b>a
32324,57789,9107,41287,7395,5231,5717,255,620.9,27367,0,0,18190,1684,3406,750,125,24,60,2923.6,422.3,e>a>c>d>b
27125,47375,8185,33852,5339,4033,3904,153,605.5,14985,264,0,7005,2687,2690,318,43,0,39,3757.9,520.3,e>c>d>b>a
26925,53120,8915,37117,7088,5107,4755,133,691.4,14363,231,597,3290,4926,2588,526,89,0,39,5222.1,859.3,d>e>c>b>a
29530,56965,9689,40774,6502,4417,4516,199,612.7,19539,101,70,11408,824,3548,548,106,7,51,5482.9,747.4,e>d>c>b>a
42352,71641,11815,50361,9466,6801,7240,165,704.4,20372,502,263,6399,4514,3767,564,94,47,67,6045.0,943.8,e>b>d>a>c
7407,10992,1579,7030,2384,2047,961,20,646.8,2310,941,0,140,311,503,47,17,0,0,1085.7,190.6,e>c>d>b>a
7841,11547,1301,6938,3308,1868,1082,16,737.9,3453,1818,0,400,175,418,89,18,11,9,777.8,98.7,d>e>b>c>a
4137,6113,707,3853,1554,875,611,19,654.9,2020,669,0,187,155,669,35,0,0,7,446.0,94.3,c>e>b>d>a
4085,6118,645,3466,2008,1195,533,13,643.8,1358,595,0,103,85,278,41,0,0,2,323.0,52.5,c>e>b>d>a
2677,3650,415,2078,1157,759,279,3,611.7,646,189,0,60,168,67,11,0,0,0,268.9,27.5,d>e>c>b>a
14875,26150,3380,17497,5274,3373,3060,46,704.4,5486,945,0,569,850,1263,432,47,19,17,3181.2,424.4,e>c>d>b>a
2975,4273,581,2822,870,687,444,11,638.0,1003,464,0,43,184,142,36,0,0,3,446.3,80.9,e>d>b>c>a
5902,10066,1362,6346,2358,1412,1084,14,651.0,2343,490,0,275,249,658,28,39,7,11,779.3,123.8,e>c>d>b>a
4189,5817,718,3509,1590,1058,520,9,634.9,1336,587,0,156,75,197,25,0,0,1,395.5,47.2,e>d>b>c>a
1979,2854,344,1756,754,489,283,6,632.1,789,399,0,36,89,119,12,0,0,2,145.4,20.3,d>e>b>c>a
9363,16695,2130,11294,3271,2184,1961,46,764.9,4177,1394,0,358,555,790,131,43,0,27,1428.1,219.3,d>e>c>b>a
4255,6214,773,3855,1587,1048,567,8,868.2,1601,778,16,201,148,178,29,0,0,7,426.2,53.6,e>d>c>b>a
4903,7099,824,4533,1742,1406,633,14,659.2,2254,1387,0,155,218,256,28,12,7,2,508.2,71.1,e>d>b>c>a
4484,7611,996,4932,1684,1236,671,10,711.2,2380,1403,0,226,124,280,81,13,20,2,396.4,59.3,d>e>b>c>a
4570,5614,676,3514,1425,854,618,9,615.9,1326,339,34,238,155,296,25,0,0,3,326.8,67.5,d>e>b>c>a
4082,6274,708,4085,1482,964,610,18,724.5,1256,504,0,125,150,192,46,0,32,2,570.1,89.3,e>c>d>b>a
4604,7927,1160,5202,1566,990,784,12,672.7,1554,210,0,108,267,467,219,14,0,3,648.0,101.1,d>e>a>c>b
5921,8297,729,4710,2858,1641,886,14,905.1,1936,291,0,83,703,342,72,17,0,6,500.8,61.6,e>c>d>b>a
4950,7043,719,4126,2199,1204,747,7,726.1,1517,604,69,173,112,256,36,0,0,6,340.8,52.1,d>e>c>b>a
29217,51213,7323,34574,9317,4468,7426,124,799.5,11878,1716,80,1010,1138,2660,698,172,26,75,3719.7,500.4,e>d>b>c>a
3803,4884,457,2900,1527,930,488,9,634.4,943,401,0,71,77,151,21,0,0,5,319.4,45.9,e>c>d>b>a
18986,34832,4217,22701,7915,4022,4749,91,749.5,9233,2274,0,908,932,1914,325,113,43,63,2258.7,331.8,d>e>b>c>a
10707,15328,1664,9245,4419,2323,1616,40,692.5,3810,1335,23,244,340,885,85,43,0,16,994.9,133.8,d>e>b>c>a
5294,7352,719,4287,2347,1322,838,19,689.2,1817,553,0,252,207,388,41,20,11,5,325.2,41.4,e>d>c>a>b
12403,23143,2662,14640,5842,3292,2861,46,708.8,5286,1145,0,616,354,1294,244,64,0,28,1881.8,286.3,d>e>b>c>a
7092,9173,882,5299,2993,1830,912,18,664.1,2005,801,0,125,207,400,54,20,0,8,503.2,65.1,e>d>b>c>a
4522,6485,685,3957,1843,1068,647,11,631.2,1549,679,0,124,100,275,45,10,0,7,422.3,51.7,e>c>d>b>a
3637,4480,432,2427,1622,991,362,13,622.9,763,0,0,67,100,179,25,12,0,3,188.6,27.4,d>e>c>b>a
6744,8672,687,4596,3389,1779,731,10,640.4,1854,888,0,130,171,278,50,16,0,9,455.8,60.3,e>c>d>b>a
23447,55844,7590,36639,11616,5701,7184,156,740.2,18142,1321,290,5702,1601,4563,852,137,45,68,2966.0,413.4,d>e>b>c>a
16432,43140,7144,28306,7690,4111,6173,98,881.5,11755,863,127,3682,953,2537,677,71,29,52,2528.4,258.8,e>b>d>a>c
5779,14053,2537,8966,2551,1039,1957,49,846.3,3855,174,0,591,232,893,190,27,0,17,610.9,50.3,e>d>c>b>a
5573,12940,1719,8323,2899,1458,1550,28,701.2,3269,577,0,480,258,1153,164,34,0,13,730.0,84.5,d>e>c>b>a
6995,14057,1951,8431,3676,1823,1671,28,697.7,3354,889,35,434,316,927,148,20,21,19,768.8,91.7,d>e>c>b>a
19583,51760,7392,33704,10665,4697,7513,153,752.6,15378,960,0,2072,1143,3488,2847,138,44,63,3101.1,362.2,d>e>b>c>a
11284,25681,3963,16843,4876,2945,3179,57,706.5,6994,1833,24,794,754,1461,423,41,37,33,1435.8,179.3,e>b>d>a>c
6900,14712,2092,9646,2974,1406,1913,35,704.8,3263,262,0,353,189,772,249,36,0,8,875.7,122.6,e>d>c>b>a
5426,11726,1681,7342,2703,1370,1457,45,789.3,3558,486,0,294,331,810,249,18,12,25,624.2,76.0,d>e>c>b>a
10154,27305,4112,17612,5581,2850,3158,45,737.2,7009,951,0,1681,613,1520,273,56,16,67,1682.3,214.8,d>c>e>b>a
4402,10202,1680,6767,1756,951,1324,23,717.4,2555,162,0,572,235,635,174,24,0,7,531.4,57.3,d>c>e>b>a
31635,79314,12021,51627,15667,7616,10130,219,778.4,24537,2767,5,4849,2499,6335,1287,185,80,144,4587.8,609.2,e>d>c>a>b
21916,47249,6321,31385,9544,4116,5589,112,798.1,18344,434,45,9519,1114,3912,605,132,28,58,2719.2,402.4,e>c>d>b>a
12447,24816,3545,16753,4518,2092,2783,71,804.1,7858,371,0,3283,754,1434,275,55,0,24,1321.9,178.8,c>d>b>e>a
14383,28501,3455,18165,6882,3342,3287,53,780.7,8557,863,0,3373,771,1421,424,57,15,28,1406.4,163.2,d>e>b>c>a
31529,77452,11271,52525,13656,4769,10510,256,926.7,27386,438,15,7238,1429,5232,2742,357,0,116,4722.8,593.3,e>b>c>a>d
11411,26633,3705,17664,5264,2402,2878,52,862.4,7172,352,0,2103,698,1452,536,59,13,25,1533.5,238.7,e>c>d>b>a
12868,38456,5755,26092,6610,2602,4761,81,839.5,11358,1069,36,4811,566,1649,647,69,0,44,2428.4,317.8,d>e>b>c>a
4620,10463,1662,6653,2148,1199,880,13,673.0,2185,457,0,463,213,347,148,26,0,14,492.3,72.6,d>e>b>c>a
10116,23400,3554,15132,4714,2341,2628,47,783.7,8009,337,11,3581,616,1741,335,58,23,29,1234.1,146.4,c>e>b>d>a
23679,55007,7928,38053,9026,3949,7022,151,783.3,17333,342,7,7634,928,3732,1112,108,12,50,4230.4,496.8,d>e>c>a>b
7339,12063,1487,7715,2861,1212,1381,30,780.1,3607,246,14,1522,510,641,81,27,0,10,608.5,77.3,e>d>b>c>a
11232,22889,3283,15073,4533,2666,2486,58,748.7,6000,291,15,2159,591,1324,385,44,30,34,1026.5,143.3,c>e>b>d>a
6458,11760,1244,7190,3327,1952,1249,21,670.6,2667,102,0,932,428,547,78,21,19,7,676.1,112.5,d>e>c>b>a
17629,36312,4473,22853,8987,4846,4096,70,805.1,10953,1235,57,2778,1349,2426,552,95,44,40,1816.0,225.8,d>e>c>b>a
58506,138058,17452,90418,30188,9331,21230,478,900.6,38902,790,48,3784,2509,8883,2808,528,38,199,8692.3,1108.6,e>b>d>c>a
7037,17346,2729,11376,3241,1705,2438,39,735.2,3379,93,8,737,298,698,243,32,0,13,822.3,100.3,e>d>b>a>c
25313,61291,7908,39299,14084,6642,8623,132,874.2,17464,895,36,4507,2019,3298,1357,145,17,91,4374.1,524.8,e>b>d>a>c
2546,4100,447,2353,1300,830,393,5,620.8,841,92,0,136,251,155,27,0,0,4,187.2,27.6,e>b>c>d>a
7500,17385,2822,11542,3021,1314,2466,36,744.7,3552,87,0,987,374,812,231,37,0,15,1128.0,176.3,e>b>c>a>d
8854,20299,2741,13208,4351,1807,2644,42,739.1,5635,339,0,945,463,1013,304,42,25,17,1011.3,146.3,e>b>d>a>c
7106,12292,1552,7717,3024,1664,1340,35,711.9,3169,445,0,738,275,760,106,27,0,4,723.9,78.3,d>e>c>b>a
6600,13016,1668,8625,2724,1366,1640,21,661.1,2241,263,0,139,478,565,133,17,0,8,669.9,103.3,e>b>d>a>c
12654,25980,3275,16799,5906,3265,3402,30,681.4,4918,954,0,761,645,865,347,25,39,22,1716.3,215.8,e>b>d>a>c
5523,9392,1018,5789,2585,1437,934,22,758.0,2924,397,0,814,424,571,136,23,0,7,321.1,50.4,d>e>b>c>a
11952,20407,2568,12879,4961,2695,2123,36,659.5,5249,151,19,1663,1093,1097,136,35,19,13,1127.5,191.9,e>d>b>c>a
2704,4286,318,2239,1729,1213,350,2,679.8,487,49,0,34,140,103,10,11,0,1,128.3,17.2,d>e>c>b>a
8070,14783,1704,9347,3732,2163,1437,15,687.7,2782,147,0,260,659,686,139,24,0,11,630.8,92.7,e>c>d>b>a
3185,5778,711,3401,1667,916,632,6,677.5,1449,92,0,293,212,221,134,0,0,3,276.1,32.6,d>e>c>b>a
10077,18620,2163,11236,5222,3205,2579,19,698.4,2941,251,0,606,282,761,123,20,10,9,911.4,121.1,e>c>d>b>a
6255,11893,1551,7569,2773,1575,1201,20,616.3,3456,126,0,1826,279,523,56,18,0,7,723.7,117.8,e>c>d>b>a
3525,7174,1030,4812,1333,803,867,18,688.6,2237,44,0,547,171,894,103,0,0,4,439.9,71.3,e>d>c>b>a
4082,7102,736,4093,2274,1364,708,13,623.0,1933,105,0,270,379,411,22,22,0,5,315.8,55.0,d>e>b>c>a
6940,12835,1557,7947,3332,2027,1566,39,692.0,3228,108,8,799,591,703,88,31,12,22,686.8,98.7,d>e>b>c>a
6576,15812,2362,10455,2996,1478,2013,41,753.9,6979,232,86,1890,1324,1636,372,41,0,17,668.9,81.1,d>e>b>c>a
1954,2983,294,1740,950,518,294,1,787.9,572,25,0,202,50,82,36,0,0,6,205.6,26.4,e>d>b>c>a
4002,5986,616,3544,1827,1037,634,4,687.4,1026,70,0,124,209,276,26,0,0,5,444.2,75.3,e>d>b>c>a
48900,126163,18611,85091,22461,10931,17851,438,821.2,45735,1382,223,11307,6762,10211,3048,453,93,185,6642.8,876.8,e>d>b>c>a
14607,38705,5715,25425,7565,3198,5809,109,950.6,13772,65,0,6850,446,2301,1006,89,0,48,2131.0,274.8,e>c>d>a>b
2185,3724,448,2094,1182,697,392,14,659.7,814,47,0,202,54,195,45,0,0,5,199.3,31.1,d>e>c>b>a
22535,54413,7306,34341,12766,8928,6453,129,745.3,17431,583,233,3473,3733,3694,609,123,102,90,2367.7,321.2,d>e>b>c>a
11279,24082,3454,15568,5061,2569,2801,47,766.0,7514,311,429,2493,954,1399,241,69,31,25,1263.1,146.5,e>d>b>c>a
4214,5266,542,3283,1441,1236,514,8,604.0,1300,216,22,164,199,362,15,18,0,5,222.4,49.3,c>e>d>b>a
5137,9684,1309,6008,2367,1317,993,14,703.2,2362,177,0,813,251,383,81,19,0,6,581.5,87.9,e>d>b>c>a
9389,14883,1919,9039,3925,2765,1262,28,638.6,2810,0,48,388,472,714,100,30,6,12,915.4,164.5,e>d>b>c>a
10548,19559,2642,12333,4585,2272,2135,32,738.6,6925,0,82,2624,492,993,140,45,0,17,1303.6,169.3,e>c>d>b>a
7336,13734,1830,8568,3336,1529,1601,20,804.0,3365,0,0,1249,296,569,141,31,0,8,893.4,122.6,e>c>d>b>a
5416,10180,1487,6565,2129,1041,1132,28,865.9,5299,440,0,2744,521,802,131,32,0,13,494.1,78.1,e>b>c>a>d
5211,7737,897,4650,2191,1509,640,8,639.0,1559,362,31,155,391,213,23,0,0,1,435.6,72.4,e>c>d>b>a
6300,11242,1409,6944,2889,1432,1255,12,705.1,2301,0,0,465,369,460,210,19,0,20,601.6,88.7,e>d>b>c>a
10622,16429,2016,10070,4343,2341,1779,28,630.7,3229,267,0,665,407,676,142,23,21,19,881.8,155.8,e>d>b>a>c
7092,12204,1522,7862,2821,1913,1249,12,597.4,2362,0,8,480,486,448,71,18,0,5,690.5,106.4,d>e>b>c>a
15079,28328,3282,17195,7851,3832,3073,55,777.8,7602,806,10,2444,839,1373,444,59,0,18,1149.2,196.7,d>e>b>c>a
3240,5043,646,3077,1321,888,518,12,612.3,849,123,0,90,120,282,15,0,0,3,333.6,54.9,e>d>b>c>a
41811,98601,14813,65292,18496,8360,13792,288,763.3,24646,1035,82,3106,3361,5944,1554,344,23,166,6187.1,831.8,d>e>b>c>a
6414,10282,1216,6266,2800,1360,1038,15,678.7,2083,358,0,473,400,363,81,0,0,3,515.5,80.8,d>e>a>b>c
24116,54707,6970,34851,12887,6030,8265,106,745.8,12009,634,0,2044,1257,2830,581,172,0,69,3830.0,443.8,e>d>c>b>a
5820,9224,902,4481,3841,2491,747,25,668.5,1694,536,0,149,157,293,42,0,18,6,466.1,62.1,e>d>c>b>a
3755,5494,393,3029,2073,1381,432,5,679.1,991,98,0,278,145,214,22,11,0,3,224.9,28.8,c>e>d>b>a
3588,5384,407,2770,2207,1451,456,11,657.2,791,118,0,82,188,178,59,0,0,2,203.7,29.9,e>b>c>d>a
4818,8053,767,4721,2566,1451,937,7,667.2,1607,80,0,318,280,379,111,22,0,5,361.2,50.8,e>d>c>b>a
2148,3407,176,1863,1369,616,309,4,939.2,854,108,0,405,46,76,32,0,0,0,127.5,15.3,e>d>c>b>a
16685,37895,4672,23236,9987,4396,4933,47,835.4,7143,443,0,1826,524,1644,438,87,17,22,2649.0,347.2,e>d>c>a>b
6975,13490,1797,8497,3197,1342,1807,43,799.3,6125,86,0,2387,196,1429,150,30,0,15,513.7,80.9,e>c>d>b>a
2270,4041,628,2535,878,404,556,6,943.6,999,55,0,618,19,56,27,18,0,1,232.0,37.7,d>c>e>b>a
7779,20433,3233,13549,3651,1002,3615,39,854.4,4733,39,0,1420,182,1196,509,48,0,14,959.4,141.8,e>d>c>a>b
4989,8409,1048,5055,2306,1453,892,16,663.9,1927,516,0,224,398,384,69,13,0,3,305.0,45.7,d>e>b>c>a
4723,7018,599,3818,2601,1346,653,12,653.6,1311,103,0,295,215,330,69,12,0,6,283.8,44.3,d>e>c>b>a
21587,45545,6380,29387,9779,5947,5559,112,749.6,14211,254,78,2794,2406,3450,558,163,13,56,1901.5,253.0,e>c>d>b>a
2468,3894,445,2446,1003,451,498,6,655.9,633,46,0,67,155,133,31,0,0,7,253.4,44.9,d>e>c>b>a
8803,15517,1931,9271,4315,2592,1785,22,652.3,3604,286,0,738,608,903,79,35,34,13,897.3,159.2,d>e>b>c>a
18112,39376,4789,24453,10135,4049,5456,55,771.6,7343,298,0,1111,964,1942,398,92,11,35,2038.5,270.1,e>d>c>a>b
15597,36197,4859,22661,8677,3412,5155,61,799.9,9248,393,0,2013,846,1803,719,100,0,51,1658.8,208.1,e>d>c>a>b
1986,3452,267,1941,1244,686,328,7,628.6,578,43,0,146,97,110,17,8,0,5,109.2,22.7,d>e>b>c>a
3419,7332,998,4480,1854,626,1061,8,677.3,879,17,0,95,77,256,84,0,0,10,307.7,50.8,e>d>c>b>a
4678,6732,489,3890,2353,1150,794,6,637.9,1147,179,0,66,145,243,56,22,0,7,261.8,32.3,e>c>d>b>a
3765,6698,761,4258,1680,988,796,14,647.4,1936,117,0,728,267,376,70,18,0,6,498.7,53.9,e>b>d>c>a
5383,7458,882,4405,2171,1312,722,7,616.4,1396,166,0,369,98,256,39,16,0,5,484.8,74.9,e>c>d>b>a
26920,50118,6073,31922,12123,5682,6817,105,725.2,11482,422,364,3311,969,2179,717,115,0,113,3589.8,431.9,e>d>c>a>b
4329,6118,689,3503,1927,1150,528,9,629.7,1061,368,0,137,83,165,21,16,0,4,265.6,43.9,e>d>c>b>a
3627,4904,521,2977,1407,866,423,4,593.3,837,77,0,117,143,197,22,0,0,16,278.5,46.1,e>d>b>c>a
14686,28380,3359,17359,7663,4506,3099,65,677.7,6476,863,0,1304,677,1523,219,61,30,32,1892.0,214.5,d>e>c>b>a
8547,13553,1368,7840,4345,2126,1279,17,663.3,2242,244,0,300,341,564,151,0,0,10,864.9,124.9,e>c>d>b>a
21817,41272,5399,27230,8643,3848,5812,122,756.3,10628,552,0,2089,1135,2404,343,146,0,42,2770.9,344.5,e>b>d>a>c
2335,3322,333,2106,884,436,368,1,679.6,535,23,0,50,123,113,32,0,0,0,216.1,27.8,d>e>c>b>a
3782,4984,484,2791,1709,1017,426,13,634.8,1145,355,0,102,226,193,17,9,0,2,155.1,23.1,e>c>b>d>a
6106,9270,952,5367,2952,1642,941,18,641.0,2521,988,50,298,327,437,61,0,6,6,390.8,52.3,d>e>b>c>a
8125,12030,924,6381,4726,2783,1092,19,642.4,2194,318,0,358,366,518,64,27,0,12,444.6,92.9,d>e>b>c>a
12839,23958,2496,15328,6135,3096,2768,50,672.7,5271,230,0,1348,671,1330,161,55,39,30,1482.8,233.2,e>c>d>b>a
6461,9602,974,5776,2852,1620,1002,20,683.4,2396,516,0,284,278,642,43,30,0,6,355.2,53.3,e>d>b>c>a
6583,18293,3544,11876,2874,1090,2926,62,1379.2,4897,467,0,0,423,1590,361,29,0,26,1026.4,85.0,d>b>e>c>a
55294,171481,26222,109080,36180,11069,28068,481,875.2,32382,345,0,0,2653,6205,5130,474,0,232,10317.3,1043.3,d>c>e>a>b
54199,175493,26270,112717,36506,11752,28390,430,1091.6,49616,223,0,0,4325,10627,9933,370,0,349,12225.3,1278.7,e>b>d>a>c
29507,77577,11285,48406,17886,5249,12494,131,857.1,12046,94,5,0,884,2597,1574,162,0,79,5344.1,577.8,d>c>e>a>b
59598,208418,34709,135445,38264,9767,37171,955,985.6,60430,0,4,0,4300,12533,6263,597,0,839,11941.7,1190.2,e>b>d>a>c
212890,520549,73048,305456,142046,32413,80869,3993,1289.4,530346,3368,0,0,18157,108070,130593,18567,436,1982,31934.3,3218.3,e>b>d>a>c
75916,205580,32332,134339,38909,13596,31177,574,943.5,59793,495,0,0,4787,14242,7936,420,36,397,11562.8,1281.4,d>a>e>b>c
26836,79772,15200,52444,12128,4889,11779,295,740.2,25439,1020,0,0,1851,5351,4342,162,41,123,3686.4,321.8,d>e>c>b>a
22274,65632,10568,43330,11734,5139,9906,90,796.9,8786,273,0,0,1248,1891,891,89,0,64,4939.8,564.6,d>b>e>a>c
15185,53586,9187,35557,8843,4124,8215,149,807.1,11865,1721,0,0,616,2770,1357,112,0,62,3672.8,409.3,e>c>d>a>b
47698,149902,23206,99726,26970,8274,23533,402,773.0,28752,178,0,0,3710,6160,4994,245,0,208,7981.9,720.1,e>c>d>a>b
62847,172689,27236,108860,36594,7196,30518,726,1404.7,130953,0,0,0,16844,30644,28447,5554,0,435,8459.5,762.5,d>e>c>b>a
17953,63723,10910,41370,11444,5271,9448,166,1054.9,22676,0,0,0,1844,3013,2052,93,21,100,3396.0,364.1,d>b>e>a>c
47066,161976,26183,109339,26455,8558,26710,364,1001.1,27717,196,0,0,2615,7057,3118,313,0,190,10116.1,1045.5,d>c>e>a>b
14144,50276,8915,33219,8142,3167,7998,118,766.9,8808,738,0,0,1141,1695,1048,100,8,72,2818.0,262.7,d>b>e>a>c
36919,119244,19604,76821,22820,8977,19196,310,972.7,27916,934,0,0,2202,5280,3720,411,10,177,8027.9,864.8,d>b>e>a>c
111725,379860,65905,257854,56102,18351,66819,1067,1010.1,94887,837,0,0,10672,25884,12816,701,11,544,22388.3,2204.9,e>b>d>a>c
44384,138910,23425,95240,20246,7469,24215,349,962.9,34889,390,0,0,2124,5911,5385,293,23,151,7575.0,838.8,e>a>d>b>c
6423,12640,1592,7706,3342,2142,1387,40,762.4,2947,1025,0,266,287,513,123,26,0,9,582.8,90.5,d>c>e>a>b
7854,14970,1916,9332,3722,2404,1862,29,709.5,3391,602,0,0,304,661,223,27,14,11,644.3,93.4,d>b>e>a>c
12409,25770,3117,15812,6841,5247,3114,40,688.5,7710,2971,0,279,751,1306,505,41,42,17,1488.8,160.0,e>b>d>a>c
12026,29814,3723,18926,7165,3881,4602,51,764.9,6378,1015,0,602,798,1478,490,67,76,34,1658.8,206.1,d>c>e>a>b
6570,14030,1996,9544,2491,1278,2198,44,1289.1,5846,257,0,1310,360,988,1113,53,0,25,1274.9,189.4,e>c>d>b>a
6156,8973,1037,5713,2224,1329,1018,6,798.6,2133,368,0,202,145,432,76,16,29,2,438.6,74.8,e>c>d>b>a
4823,7255,877,4297,2081,1602,767,8,657.2,1306,295,0,105,203,290,66,17,0,3,473.4,82.4,e>d>c>a>b
1352,2545,289,1665,591,399,316,0,794.8,380,75,0,21,0,66,17,0,0,3,135.7,24.3,d>c>e>b>a
1054,1775,238,1132,406,241,281,4,612.4,404,160,0,74,23,56,19,0,0,1,171.2,30.3,d>c>e>b>a
16387,35172,5378,22422,7372,3598,5036,80,821.2,7945,1749,0,744,338,1799,406,118,25,51,2301.6,356.3,d>c>e>b>a
3761,7290,954,4669,1668,926,869,10,980.4,2139,222,0,0,118,301,52,19,0,6,398.9,64.9,d>c>e>b>a
2975,4877,696,3019,1163,647,633,6,716.3,721,179,0,93,0,146,50,0,0,2,274.8,47.3,d>c>e>b>a
4203,8209,999,5180,2030,1407,845,18,708.6,2131,1065,0,142,104,399,87,15,0,7,596.5,90.4,e>c>d>b>a
4773,6909,643,3902,2364,1524,692,8,672.8,1227,324,0,110,171,277,65,0,0,3,374.5,65.7,e>c>d>b>a
6917,14717,2339,9122,3257,2449,1580,13,735.0,3076,1003,0,388,123,621,170,27,33,11,1528.6,225.8,d>c>e>b>a
3407,5183,513,3069,1602,1106,619,9,623.2,1136,257,0,161,0,354,57,0,0,5,321.0,41.7,e>c>d>b>a
7405,15421,1833,9712,3876,2791,1648,22,666.5,2864,934,0,309,244,695,101,20,20,5,1182.2,156.6,d>c>e>a>b
3107,5821,858,3589,1374,877,714,13,726.9,1277,523,0,179,0,246,43,8,0,2,391.8,59.1,d>c>e>b>a
9584,23469,3572,14614,5283,2907,2809,53,715.9,5672,1825,0,410,592,1398,266,54,24,21,1470.6,155.8,e>c>d>b>a
3742,7561,1103,4551,1908,1004,850,10,750.2,1860,654,0,408,114,329,71,0,0,5,456.1,52.9,d>c>e>b>a
8660,22392,3159,14664,4569,2301,2914,43,925.4,5796,521,0,1740,332,1007,238,28,28,46,1175.0,143.7,e>c>d>b>a
8543,29796,5277,19704,4815,2341,4237,86,833.3,8946,707,0,2613,538,1724,1275,73,16,48,2102.1,257.8,d>c>e>b>a
10629,24492,3502,15782,5208,2083,3433,36,783.4,5106,521,0,1083,323,1238,489,55,18,24,1355.9,131.3,e>d>c>a>b
5076,9924,1156,6020,2749,1565,927,18,738.7,2162,626,18,309,242,350,98,14,21,2,516.3,63.4,e>b>d>a>c
9539,19357,2285,11414,5659,3667,2058,31,804.7,4275,1156,0,477,381,875,204,34,0,20,1162.8,131.8,e>c>d>b>a
3234,5578,707,3474,1397,615,684,9,736.3,1334,325,0,0,99,272,56,0,0,2,249.2,36.7,e>c>d>b>a
9878,21087,3040,13563,4484,2253,2736,26,755.2,6468,652,108,2315,469,1142,233,48,10,26,1069.2,130.0,e>b>d>a>c
8006,22193,3151,14080,4963,3248,2705,38,750.9,4054,677,0,508,408,1222,215,26,38,18,1680.5,206.3,e>b>c>a>d
25630,60740,8654,38048,14039,5821,8656,162,803.9,15886,1298,250,3230,874,3447,1636,194,30,64,3364.1,390.7,d>e>c>a>b
2023,3482,388,2027,1067,640,398,5,678.8,715,167,0,53,41,105,27,0,0,1,214.8,45.2,d>e>c>b>a
2166,3112,268,1853,992,644,331,3,661.7,485,168,0,34,91,74,15,0,0,0,140.3,35.6,d>e>c>b>a
2635,4517,442,2769,1307,847,473,3,682.4,890,274,0,211,33,137,27,0,0,0,271.9,55.0,d>c>e>b>a
5287,8377,1313,5327,1738,1154,1125,12,1024.0,3401,300,0,633,67,1666,64,15,0,0,605.5,104.6,e>c>d>a>b
2107,3273,327,1974,972,578,394,6,676.9,491,96,0,37,37,125,21,0,0,3,160.3,28.3,d>e>c>b>a
2440,3558,343,2058,1158,703,312,5,641.3,630,133,3,91,0,121,26,0,0,0,197.2,29.0,e>c>d>b>a
9106,22406,3268,14108,5030,2652,3175,60,699.6,4481,985,12,257,333,1146,206,61,15,14,1840.1,359.6,e>a>c>d>b
2072,3259,407,1983,869,590,371,4,680.3,689,266,0,65,0,128,31,0,0,1,222.0,37.9,d>e>c>b>a
2502,3925,325,2118,1482,814,303,7,660.6,458,65,0,77,79,100,9,0,0,5,217.4,42.3,e>d>c>b>a
2130,3402,348,1977,1078,667,336,8,622.9,593,135,0,0,80,107,16,0,0,2,153.8,25.4,d>e>c>b>a
1952,3249,468,1929,853,678,327,5,735.8,544,161,0,63,31,164,20,0,0,0,230.5,54.7,d>c>e>b>a
4283,7091,682,3877,2532,1419,729,14,659.6,1218,210,0,178,135,320,49,12,0,7,377.6,51.1,e>c>d>b>a
8524,16275,2040,10100,4136,2696,1964,23,750.0,3546,660,0,751,408,800,111,34,13,7,1271.7,163.5,e>c>d>a>b
12381,24073,3164,15089,5820,2767,3304,52,769.8,5556,442,0,1126,283,1407,292,66,0,26,1484.8,246.5,e>b>d>a>c
2920,4904,571,2846,1487,895,515,18,626.9,1248,401,0,185,81,281,38,12,21,4,263.8,48.9,d>e>c>b>a
3911,5634,611,3340,1683,1050,518,8,693.5,927,356,16,106,94,126,49,0,0,8,338.6,53.4,d>c>e>a>b
3821,7322,882,4514,1926,1106,916,24,747.9,1683,339,0,379,123,308,56,13,0,6,392.3,63.1,d>c>e>b>a
4307,7238,840,4488,1910,1243,929,9,744.7,1457,317,42,290,73,304,65,17,0,1,474.3,64.3,e>d>c>b>a
7079,13842,1546,8344,3953,2244,1978,31,714.3,3476,676,0,494,218,876,193,34,19,16,868.7,163.6,e>c>d>b>a
22419,55339,7925,35990,11424,4684,9078,156,853.1,16424,1381,0,3484,1013,3144,1236,204,23,70,3838.9,544.3,d>b>e>a>c
8611,16962,1947,10202,4813,2901,2081,31,728.5,4038,944,0,472,359,846,293,43,15,30,795.8,119.7,d>c>e>b>a
2677,4737,491,2776,1471,960,453,7,677.8,967,219,0,186,50,220,39,0,13,3,254.2,38.4,d>c>e>b>a
1736,2612,390,1640,582,434,280,2,657.8,418,159,0,62,22,38,27,0,0,2,231.2,45.0,e>c>d>b>a
3889,6317,796,3813,1708,1080,668,12,726.3,1183,365,0,132,136,147,148,0,0,6,463.8,72.1,e>c>d>b>a
3470,6882,908,4298,1677,1078,751,10,683.6,1444,473,0,181,145,285,81,19,0,2,483.8,66.3,e>c>d>b>a
4524,10673,1477,6628,2569,1622,1345,29,726.9,2553,695,0,469,203,446,109,25,0,6,826.6,117.9,e>c>d>b>a
5175,11816,1576,7152,3088,1489,1511,28,805.3,3203,368,0,1111,205,613,102,47,0,10,514.2,80.8,e>c>d>b>a
2983,5569,758,3501,1310,933,689,8,691.8,1010,264,0,0,87,235,108,13,0,5,305.9,40.0,e>c>d>b>a
4722,8213,1021,5347,1846,1082,1156,21,827.1,2078,108,283,613,85,418,59,17,9,7,442.0,81.7,d>c>e>b>a
12329,40119,6752,27421,5946,3083,7354,197,760.0,15796,313,0,430,1178,2652,1565,141,39,185,3353.4,327.5,d>e>c>b>a
2051,2677,197,1297,1184,760,237,7,655.7,449,109,0,59,48,77,31,0,0,3,83.5,10.5,e>d>c>b>a
2446,5699,748,3212,1739,980,969,19,679.5,1230,171,0,58,179,270,59,8,0,20,301.0,32.5,e>d>c>b>a
3775,6566,796,3975,1795,971,807,16,685.3,1202,87,0,69,132,256,95,0,0,15,445.7,59.4,d>e>c>a>b
22261,62015,9461,40687,11868,4508,10922,211,855.4,18966,1173,0,671,1755,4487,1981,285,17,185,4169.7,429.9,e>b>d>a>c
8597,22767,3581,14890,4297,1864,3547,82,812.9,7285,191,0,311,972,1278,458,61,12,87,1651.3,163.9,e>d>c>a>b
10464,30748,4987,19756,6006,2769,5378,97,736.6,8592,249,0,265,1011,1621,739,88,15,104,2197.1,248.7,e>d>c>a>b
24871,69508,10804,45098,13606,6866,11076,310,805.9,26545,837,0,938,2617,5323,4041,275,21,151,4629.8,442.5,e>d>c>b>a
3482,5694,507,3274,1913,1088,778,9,660.9,1242,201,0,115,74,318,73,0,9,6,367.5,32.5,d>e>c>b>a
14359,45209,7488,29454,8267,3878,6417,88,760.0,9104,1356,0,911,885,2127,797,76,65,46,3117.5,323.5,e>d>c>a>b
17744,55181,9314,35822,10045,4668,8648,203,795.4,14927,338,0,591,1243,2778,1270,181,12,99,4915.4,456.4,e>d>b>a>c
4856,10545,1549,6706,2290,906,1687,29,771.9,2355,68,0,320,362,633,156,29,0,16,523.5,54.5,e>d>c>b>a
14689,36680,5247,23008,8426,4207,5327,66,754.9,7550,922,0,411,840,1964,520,67,55,47,2077.3,164.3,c>d>e>a>b
11658,25689,3480,15750,6459,3195,3815,96,717.2,5701,731,0,237,534,1223,379,54,50,43,1556.7,139.1,e>b>d>a>c
2668,5220,624,3250,1346,632,761,20,764.9,1928,184,0,49,277,309,121,8,0,5,246.3,26.2,e>d>c>b>a
8352,19062,2974,12337,3752,1591,2712,51,733.4,4777,387,0,258,353,1019,278,59,11,31,1645.5,197.7,d>e>c>a>b
3027,5648,939,3994,715,476,675,15,0.0,1174,269,0,49,161,272,120,12,0,0,0.0,0.0,d>e>c>b>a
5951,14636,2928,10157,1552,1208,1128,23,0.0,2535,267,0,319,362,555,453,24,0,6,0.0,0.0,e>d>b>c>a
3415,5004,810,3341,853,424,419,3,0.0,698,250,0,42,92,111,44,15,0,1,0.0,0.0,e>d>c>b>a
28363,68822,12094,48729,7999,5343,7944,153,0.0,22401,1758,0,1946,1457,5971,1618,485,58,57,0.0,0.0,d>e>b>a>c
3848,6227,1027,4288,912,732,485,4,0.0,945,0,0,68,166,127,32,15,0,2,0.0,0.0,e>d>c>b>a
14351,32587,7342,22700,2546,3192,2467,36,0.0,7644,856,0,2125,1655,1095,609,44,0,11,0.0,0.0,d>e>b>a>c
6169,11320,2089,7949,1282,1352,799,10,0.0,1615,358,0,94,305,409,112,30,0,4,0.0,0.0,e>c>d>b>a
16044,35109,5659,24234,5217,2810,3758,52,0.0,8242,1421,0,703,603,2269,605,127,0,16,0.0,0.0,e>b>c>a>d
8492,21532,3360,15326,2846,1879,2265,17,0.0,3924,931,0,339,463,821,273,39,0,8,0.0,0.0,e>d>a>c>b
2694,4405,607,2939,860,529,353,9,0.0,858,286,0,54,91,162,34,17,0,1,0.0,0.0,e>d>c>b>a
2474,3505,523,2235,747,536,253,4,0.0,905,302,0,218,63,208,28,13,0,0,0.0,0.0,e>d>c>b>a
3367,5347,734,3724,890,497,520,13,0.0,1263,231,0,58,180,433,72,20,0,6,0.0,0.0,c>d>b>e>a
3225,4701,623,3092,987,409,484,12,0.0,939,0,0,80,73,186,61,14,0,0,0.0,0.0,e>d>b>c>a
3778,6051,865,4082,1104,435,738,30,0.0,1503,0,0,86,234,277,72,23,0,6,0.0,0.0,d>e>b>c>a
2119,3371,441,2324,606,221,408,5,0.0,736,0,0,58,145,157,54,16,0,4,0.0,0.0,e>d>b>c>a
7652,15004,2307,10364,2333,914,1868,37,0.0,3751,0,10,304,340,717,214,50,0,19,0.0,0.0,e>b>d>a>c
1034,1527,213,1014,301,141,143,0,0.0,337,114,0,7,42,51,7,0,0,0,0.0,0.0,e>d>c>b>a
1269,2248,304,1561,383,158,221,2,0.0,542,136,0,32,108,110,47,13,0,1,0.0,0.0,e>d>c>b>a
254,456,70,297,89,42,46,1,0.0,95,42,0,3,6,13,9,0,0,0,0.0,0.0,e>d>c>b>a
6375,11334,1614,7224,2496,1926,1067,20,805.2,2443,563,0,149,843,197,93,35,0,17,0.0,0.0,c>e>b>d>a
14572,34912,6825,24454,3633,4927,2813,56,729.7,4896,1075,0,651,971,759,281,43,0,71,0.0,0.0,b>e>c>d>a
50884,108601,15618,75608,17376,8827,15081,517,924.0,37549,1095,34,1789,2408,7952,3658,555,0,801,0.0,0.0,b>e>c>d>a
11219,21242,3150,15103,2989,2508,2055,39,881.1,3090,261,0,388,605,523,175,42,0,45,0.0,0.0,e>d>b>c>a
4790,8793,1506,5813,1474,1249,791,14,649.2,1706,628,16,81,278,241,70,19,0,8,0.0,0.0,d>e>a>c>b
2125,2556,323,1614,620,610,197,4,697.4,485,134,0,25,42,47,15,0,0,5,0.0,0.0,e>d>b>c>a
6525,12961,2244,8681,2036,2191,1249,19,672.6,1971,296,0,139,328,412,137,45,0,16,0.0,0.0,d>e>b>c>a
20670,43678,8034,31273,4371,2837,6284,100,832.7,6518,378,0,568,610,1303,714,51,0,36,0.0,0.0,c>e>d>b>a
4861,7338,885,4740,1714,1512,676,8,709.6,865,211,0,32,77,146,58,0,0,12,0.0,0.0,c>d>b>e>a
3590,5467,701,3436,1331,1140,508,10,732.6,992,268,0,65,129,170,42,19,0,8,0.0,0.0,b>e>c>a>d
3463,5323,796,3893,634,399,852,9,921.7,894,29,0,23,53,197,106,15,0,2,0.0,0.0,e>d>b>c>a
